100
EAW912711AspAbnormalSpindleLikeMicrocephaly___IsoformCRABHomoSapiens  0.0000000 0.0002896 0.0008688 0.0005791 0.0096402 0.0008689 0.0102344 0.0158702 0.0176282 0.0176779 0.0168633 0.0175149 0.0099348 0.0099391 0.0105231 0.0102303 0.0103428 0.0073193 0.0000010 0.0219773 0.0229120 0.0225800 0.0217118 0.0232051 0.0222118 0.0240930 0.0226443 0.0247737 0.0235879 0.0235209 0.0122976 0.0433143 0.0419251 0.0451473 0.0436538 0.0418782 0.0579011 0.0440078 0.0428137 0.0468460 0.0426730 0.0426914 0.0440611 0.0431275 0.0434332 0.0442317 0.0460256 0.0493394 0.0430042 0.0458936 0.0463324 0.0440670 0.0554568 0.0494837 0.0439526 0.0638138 0.0267377 0.0252936 0.0297522 0.0306965 0.0463174 0.0442867 0.0492144 0.0484520 0.0600073 0.0621062 0.0545283 0.0613538 0.0443597 0.0442329 0.0437976 0.0436722 0.0472481 0.0478105 0.0963460 0.1018769 0.0316961 0.0881296 0.0888297 0.0996509 0.0826641 0.1013971 0.0877016 0.0872375 0.1080934 0.0977890 0.1051880 0.1027880 0.0842038 0.1020251 0.1033833 0.1033445 0.0982379 0.1036611 0.1020046 0.1076333 0.1079772 0.2327593 0.1208275 0.1960590 
NP0606063AbnormalSpindleLike___AssociatedProteinIsoform1HomoSapiens   0.0002896 0.0000000 0.0005785 0.0002892 0.0093367 0.0005786 0.0099299 0.0155571 0.0173130 0.0173618 0.0165469 0.0171966 0.0096308 0.0096350 0.0102183 0.0099259 0.0100349 0.0073193 0.0000010 0.0216535 0.0225865 0.0222553 0.0213879 0.0228792 0.0218842 0.0237660 0.0223186 0.0244367 0.0232604 0.0231943 0.0119901 0.0429585 0.0415703 0.0447879 0.0432973 0.0415238 0.0579011 0.0436509 0.0424578 0.0464841 0.0423185 0.0423366 0.0437033 0.0427711 0.0430763 0.0438747 0.0456640 0.0489680 0.0426489 0.0455333 0.0459706 0.0437091 0.0554568 0.0491110 0.0435958 0.0638138 0.0264075 0.0249647 0.0294176 0.0303602 0.0463174 0.0436775 0.0492144 0.0484520 0.0600073 0.0621062 0.0545283 0.0613538 0.0440015 0.0438758 0.0434398 0.0433156 0.0472481 0.0478105 0.0963460 0.1018769 0.0316961 0.0876934 0.0883922 0.0996509 0.0822366 0.1013971 0.0877016 0.0872375 0.1080934 0.0973347 0.1047176 0.1027880 0.0837739 0.1020251 0.1033833 0.1033445 0.0982379 0.1036611 0.1020046 0.1076333 0.1079772 0.2325172 0.1208275 0.1953902 
KAI40843161AssemblyFactorForSpindleMicrotubulesHomoSapiens            0.0008688 0.0005785 0.0000000 0.0002891 0.0093347 0.0005784 0.0099278 0.0155539 0.0173094 0.0173581 0.0165434 0.0171929 0.0096288 0.0096329 0.0102161 0.0099238 0.0100327 0.0073154 0.0000010 0.0216489 0.0225817 0.0222506 0.0213834 0.0228744 0.0218795 0.0237610 0.0223138 0.0244314 0.0232554 0.0231894 0.0119875 0.0429494 0.0415614 0.0447783 0.0432881 0.0415150 0.0546515 0.0436416 0.0424488 0.0464742 0.0423095 0.0423277 0.0436940 0.0427620 0.0430672 0.0438654 0.0456543 0.0489574 0.0426399 0.0455236 0.0459608 0.0436998 0.0521794 0.0491004 0.0435865 0.0605522 0.0264019 0.0249594 0.0294114 0.0303538 0.0462951 0.0436616 0.0491910 0.0484151 0.0599256 0.0620446 0.0544480 0.0612655 0.0439921 0.0438665 0.0434305 0.0433064 0.0453998 0.0477878 0.0955367 0.1001882 0.0316812 0.0873380 0.0880362 0.0988611 0.0818843 0.1005810 0.0868092 0.0864739 0.1072680 0.0969719 0.1043475 0.1020038 0.0834208 0.1015763 0.1029315 0.1024205 0.0974411 0.1028572 0.1012087 0.1068258 0.1071563 0.2324631 0.1199846 0.1953328 
KAI25207951AssemblyFactorForSpindleMicrotubulesHomoSapiens            0.0005791 0.0002892 0.0002891 0.0000000 0.0090417 0.0002892 0.0096344 0.0152583 0.0170136 0.0170615 0.0162457 0.0168941 0.0093357 0.0093397 0.0099229 0.0096306 0.0097363 0.0065826 0.0000010 0.0213496 0.0222817 0.0219511 0.0210836 0.0225744 0.0215770 0.0234609 0.0220135 0.0241228 0.0229543 0.0228892 0.0116935 0.0426432 0.0412546 0.0444707 0.0429816 0.0412084 0.0546515 0.0433350 0.0421419 0.0461661 0.0420037 0.0420217 0.0433866 0.0424549 0.0427601 0.0435590 0.0453457 0.0486438 0.0423338 0.0452159 0.0456524 0.0433924 0.0521794 0.0487858 0.0432800 0.0605522 0.0261016 0.0246588 0.0291103 0.0300520 0.0455985 0.0431390 0.0485007 0.0473126 0.0579361 0.0605912 0.0522980 0.0591623 0.0436848 0.0435601 0.0431229 0.0429997 0.0453998 0.0471002 0.0955568 0.1002336 0.0310105 0.0873466 0.0880449 0.0988821 0.0818924 0.1006030 0.0868308 0.0864923 0.1072912 0.0969814 0.1043577 0.1020038 0.0834291 0.1012541 0.1026064 0.1024457 0.0974621 0.1028792 0.1012302 0.1068485 0.1071794 0.2320702 0.1200101 0.1948513 
P622931RecNameFullAbnormal___AssociatedProteinHomologPanTroglodytes   0.0096402 0.0093367 0.0093347 0.0090417 0.0000000 0.0093355 0.0011581 0.0137688 0.0155218 0.0155655 0.0162394 0.0153870 0.0002891 0.0002893 0.0031908 0.0017385 0.0011712 0.0146915 0.0134238 0.0198357 0.0207636 0.0204357 0.0195680 0.0210559 0.0200467 0.0219414 0.0204937 0.0225596 0.0214300 0.0213692 0.0026098 0.0407711 0.0393801 0.0428984 0.0417323 0.0399602 0.0450098 0.0420853 0.0408917 0.0449086 0.0419920 0.0407751 0.0421339 0.0412041 0.0415087 0.0429357 0.0438978 0.0473624 0.0410865 0.0437720 0.0442053 0.0421395 0.0393540 0.0475006 0.0420304 0.0477900 0.0239723 0.0225292 0.0275800 0.0279074 0.0442262 0.0431783 0.0471421 0.0439472 0.0479195 0.0561333 0.0436274 0.0506611 0.0424319 0.0423108 0.0416923 0.0415730 0.0399004 0.0457463 0.0947472 0.0928898 0.0276350 0.0862481 0.0869445 0.0980152 0.0802992 0.1013843 0.0834330 0.0849916 0.1078436 0.0951608 0.1029205 0.1004073 0.0821428 0.0981775 0.1002798 0.0992545 0.0980172 0.1006785 0.0990489 0.1054101 0.1049389 0.2339451 0.1196686 0.1920270 
AAN400111AbnormalSpindlesHomoSapiens                                  0.0008689 0.0005786 0.0005784 0.0002892 0.0093355 0.0000000 0.0099287 0.0155553 0.0173109 0.0173597 0.0165449 0.0171945 0.0096296 0.0096338 0.0102170 0.0099247 0.0100336 0.0058469 0.0000010 0.0216509 0.0225837 0.0222526 0.0213853 0.0228764 0.0218815 0.0237632 0.0223159 0.0244336 0.0232576 0.0231915 0.0119886 0.0429534 0.0415653 0.0447825 0.0432921 0.0415188 0.0578314 0.0436456 0.0424527 0.0464785 0.0423134 0.0423316 0.0436980 0.0427659 0.0430711 0.0438695 0.0456585 0.0489621 0.0426438 0.0455278 0.0459651 0.0437038 0.0553892 0.0491050 0.0435906 0.0637377 0.0264043 0.0249617 0.0294141 0.0303565 0.0463048 0.0436685 0.0492012 0.0484312 0.0599616 0.0620717 0.0544832 0.0613044 0.0439962 0.0438706 0.0434345 0.0433104 0.0472151 0.0477977 0.0963210 0.1018202 0.0316876 0.0876828 0.0883815 0.0996249 0.0822266 0.1013699 0.0876751 0.0872149 0.1080644 0.0973230 0.1047049 0.1027608 0.0837638 0.1019985 0.1033562 0.1024076 0.0982120 0.1036338 0.1019779 0.1076050 0.1079484 0.2324898 0.1207953 0.1953605 
AAS485341AbnormalSpindleLikePanTroglodytes                            0.0102344 0.0099299 0.0099278 0.0096344 0.0011581 0.0099287 0.0000000 0.0143687 0.0161232 0.0161686 0.0168465 0.0159945 0.0014492 0.0014498 0.0037745 0.0023203 0.0000010 0.0154486 0.0134238 0.0204474 0.0213773 0.0210482 0.0201803 0.0216699 0.0206651 0.0225561 0.0211080 0.0231922 0.0220465 0.0219839 0.0037756 0.0413981 0.0400078 0.0429013 0.0417351 0.0399628 0.0450098 0.0420881 0.0408944 0.0449117 0.0419948 0.0407778 0.0421367 0.0412068 0.0415115 0.0429386 0.0439007 0.0473656 0.0410893 0.0437749 0.0442082 0.0421423 0.0393540 0.0475039 0.0420332 0.0477900 0.0245883 0.0231449 0.0282009 0.0285292 0.0442604 0.0431783 0.0471782 0.0440009 0.0479195 0.0562223 0.0436274 0.0506611 0.0424347 0.0423136 0.0416950 0.0415757 0.0399004 0.0457812 0.0948206 0.0928898 0.0276559 0.0865916 0.0872885 0.0972517 0.0810098 0.1014634 0.0825715 0.0842519 0.1070459 0.0956736 0.1035625 0.0996286 0.0828556 0.0974140 0.0995093 0.0993416 0.0973757 0.1005245 0.0988985 0.1052492 0.1047762 0.2349298 0.1188549 0.1926581 
AAR843521ASPMGorillaGorilla                                           0.0158702 0.0155571 0.0155539 0.0152583 0.0137688 0.0155553 0.0143687 0.0000000 0.0034813 0.0034910 0.0049719 0.0035179 0.0140652 0.0140713 0.0146566 0.0149548 0.0142217 0.0221755 0.0202848 0.0201550 0.0210845 0.0207558 0.0198874 0.0213771 0.0206737 0.0222635 0.0208147 0.0225733 0.0217527 0.0216910 0.0164430 0.0419844 0.0405895 0.0428858 0.0419932 0.0405438 0.0497583 0.0426779 0.0414799 0.0451881 0.0425835 0.0413611 0.0427280 0.0417938 0.0420999 0.0435318 0.0446913 0.0479894 0.0416741 0.0445629 0.0449992 0.0427338 0.0440115 0.0481300 0.0424124 0.0525783 0.0251941 0.0237509 0.0288096 0.0291379 0.0466571 0.0398497 0.0495626 0.0479376 0.0530046 0.0615771 0.0445411 0.0538066 0.0427134 0.0425910 0.0424630 0.0423412 0.0389393 0.0481518 0.0994702 0.0992221 0.0296749 0.0876173 0.0883160 0.1019741 0.0819244 0.1061321 0.0884348 0.0885838 0.1123298 0.0972112 0.1041104 0.1022909 0.0837714 0.1040123 0.1061630 0.1027526 0.1024265 0.1039250 0.1022650 0.1086808 0.1082488 0.2342945 0.1201901 0.1949655 
XP0188780543AbnormalSpindleLike___IsoformX1GorillaGorillaGorilla      0.0176282 0.0173130 0.0173094 0.0170136 0.0155218 0.0173109 0.0161232 0.0034813 0.0000000 0.0000010 0.0049687 0.0000010 0.0158186 0.0158254 0.0158212 0.0167091 0.0159945 0.0244108 0.0248401 0.0219249 0.0228573 0.0219294 0.0213629 0.0231496 0.0218597 0.0240353 0.0219917 0.0247127 0.0235313 0.0234646 0.0181992 0.0434757 0.0420854 0.0443816 0.0434848 0.0420383 0.0560288 0.0441701 0.0429750 0.0466838 0.0440741 0.0428521 0.0442239 0.0432892 0.0435952 0.0450234 0.0461908 0.0495098 0.0431653 0.0460583 0.0464977 0.0442298 0.0503382 0.0496546 0.0432953 0.0588210 0.0269637 0.0255239 0.0305815 0.0309115 0.0508626 0.0429714 0.0537280 0.0523852 0.0569830 0.0645428 0.0488266 0.0580017 0.0439105 0.0437849 0.0439602 0.0438343 0.0460827 0.0523010 0.1024585 0.1022371 0.0336987 0.0887885 0.0901693 0.1040739 0.0834665 0.1091380 0.0933777 0.0913414 0.1145024 0.0981076 0.1060152 0.1060110 0.0853134 0.1069222 0.1090961 0.1061352 0.1045471 0.1083675 0.1059381 0.1131350 0.1127711 0.2355275 0.1223773 0.1957591 
XP0552419721AbnormalSpindleLike___IsoformX2GorillaGorillaGorilla      0.0176779 0.0173618 0.0173581 0.0170615 0.0155655 0.0173597 0.0161686 0.0034910 0.0000010 0.0000000 0.0049827 0.0000010 0.0158631 0.0158699 0.0158657 0.0167561 0.0160400 0.0245840 0.0248401 0.0219871 0.0229222 0.0219917 0.0214236 0.0232154 0.0219224 0.0241036 0.0219917 0.0247848 0.0235313 0.0235313 0.0182505 0.0436005 0.0422066 0.0445093 0.0436096 0.0421592 0.0560288 0.0442970 0.0429750 0.0468182 0.0442005 0.0429750 0.0442239 0.0432892 0.0435952 0.0451527 0.0461908 0.0496546 0.0432892 0.0461908 0.0466318 0.0443571 0.0503382 0.0496546 0.0434199 0.0588210 0.0267386 0.0252946 0.0303656 0.0306963 0.0508626 0.0429714 0.0537280 0.0523852 0.0569830 0.0645428 0.0488266 0.0580017 0.0439105 0.0439105 0.0439602 0.0439602 0.0460827 0.0523010 0.1024585 0.1022371 0.0336987 0.0890520 0.0904371 0.1040739 0.0833861 0.1091380 0.0933777 0.0913414 0.1145024 0.0980584 0.1059975 0.1060110 0.0852382 0.1069222 0.1090961 0.1061352 0.1045471 0.1083675 0.1059381 0.1131350 0.1127711 0.2354919 0.1223773 0.1957591 
NP0012665351AbnormalSpindleLike___ProteinHomologGorillaGorillaGorilla 0.0168633 0.0165469 0.0165434 0.0162457 0.0162394 0.0165449 0.0168465 0.0049719 0.0049687 0.0049827 0.0000000 0.0050213 0.0165388 0.0165460 0.0171358 0.0168397 0.0167243 0.0229583 0.0230946 0.0233100 0.0242530 0.0239169 0.0230448 0.0245477 0.0238676 0.0254409 0.0239854 0.0258413 0.0249377 0.0248664 0.0189405 0.0447546 0.0433559 0.0456722 0.0447640 0.0433072 0.0597459 0.0454559 0.0442527 0.0479949 0.0453576 0.0441251 0.0455134 0.0445698 0.0448786 0.0463162 0.0475009 0.0508680 0.0444413 0.0473635 0.0478096 0.0455194 0.0505926 0.0510180 0.0451925 0.0591138 0.0283940 0.0269440 0.0320463 0.0323807 0.0502485 0.0429635 0.0524294 0.0491716 0.0593387 0.0647785 0.0513097 0.0604918 0.0454984 0.0453672 0.0452485 0.0451179 0.0426996 0.0517175 0.1018209 0.1012379 0.0314967 0.0912157 0.0919226 0.1043144 0.0858014 0.1083035 0.0925210 0.0928470 0.1164470 0.0995876 0.1086134 0.1079851 0.0876659 0.1086189 0.1100431 0.1054445 0.1046545 0.1101116 0.1083720 0.1149562 0.1146155 0.2342976 0.1244623 0.1933530 
XP0552424791AbnormalSpindleLike___IsoformX3GorillaGorillaGorilla      0.0175149 0.0171966 0.0171929 0.0168941 0.0153870 0.0171945 0.0159945 0.0035179 0.0000010 0.0000010 0.0050213 0.0000000 0.0156868 0.0156936 0.0156894 0.0165864 0.0159945 0.0244108 0.0248401 0.0218551 0.0227971 0.0218597 0.0212871 0.0230926 0.0218597 0.0239876 0.0219224 0.0246709 0.0234780 0.0234108 0.0180919 0.0429972 0.0415917 0.0435991 0.0433204 0.0415446 0.0560288 0.0437029 0.0424903 0.0462405 0.0436064 0.0423675 0.0437513 0.0428074 0.0431165 0.0445648 0.0457134 0.0490824 0.0426837 0.0455810 0.0459312 0.0437572 0.0503382 0.0492275 0.0428139 0.0588210 0.0260249 0.0245698 0.0296754 0.0300075 0.0508626 0.0421475 0.0537280 0.0523852 0.0569830 0.0645428 0.0488266 0.0580017 0.0434349 0.0433093 0.0438001 0.0436733 0.0460827 0.0523010 0.1024585 0.1022371 0.0336987 0.0883397 0.0897328 0.1040739 0.0829699 0.1091380 0.0933777 0.0913414 0.1145024 0.0973924 0.1053898 0.1060110 0.0848337 0.1069222 0.1090961 0.1061352 0.1045471 0.1083675 0.1059381 0.1131350 0.1127711 0.2334371 0.1223773 0.1966980 
PNI346681ASPMIsoform2PanTroglodytes                                   0.0099348 0.0096308 0.0096288 0.0093357 0.0002891 0.0096296 0.0014492 0.0140652 0.0158186 0.0158631 0.0165388 0.0156868 0.0000000 0.0005787 0.0034817 0.0020288 0.0014644 0.0154338 0.0134238 0.0201366 0.0210652 0.0207368 0.0198692 0.0213576 0.0203508 0.0222432 0.0207957 0.0228701 0.0217328 0.0216712 0.0029005 0.0410814 0.0396908 0.0432105 0.0420433 0.0402709 0.0450098 0.0423964 0.0412029 0.0452216 0.0423027 0.0410854 0.0424457 0.0415154 0.0418202 0.0432469 0.0442115 0.0476812 0.0413970 0.0440848 0.0445189 0.0424514 0.0393540 0.0478204 0.0423414 0.0477900 0.0242743 0.0228314 0.0278836 0.0282114 0.0449342 0.0431783 0.0478445 0.0450633 0.0479195 0.0576102 0.0436274 0.0506611 0.0427437 0.0426217 0.0420047 0.0418845 0.0399004 0.0464456 0.0955170 0.0928898 0.0283098 0.0865864 0.0872832 0.0987642 0.0806348 0.1021607 0.0842799 0.0857185 0.1086254 0.0955047 0.1032709 0.1011710 0.0824791 0.0989265 0.1010354 0.1001257 0.0987742 0.1014395 0.0998028 0.1061751 0.1057148 0.2336718 0.1204651 0.1925482 
AAR843511ASPMPanTroglodytes                                           0.0099391 0.0096350 0.0096329 0.0093397 0.0002893 0.0096338 0.0014498 0.0140713 0.0158254 0.0158699 0.0165460 0.0156936 0.0005787 0.0000000 0.0034832 0.0020297 0.0014650 0.0146915 0.0134238 0.0201453 0.0210743 0.0207458 0.0198778 0.0213669 0.0203597 0.0222528 0.0208047 0.0225596 0.0217422 0.0216806 0.0029017 0.0410989 0.0397078 0.0432290 0.0420612 0.0402881 0.0450098 0.0424145 0.0412205 0.0452409 0.0423207 0.0411029 0.0424638 0.0415332 0.0418381 0.0432653 0.0442304 0.0474389 0.0414147 0.0441036 0.0445380 0.0424695 0.0393540 0.0475774 0.0423595 0.0477900 0.0242848 0.0228412 0.0278956 0.0282235 0.0442262 0.0431783 0.0471421 0.0439472 0.0479195 0.0561333 0.0436274 0.0506611 0.0427620 0.0426399 0.0420228 0.0419025 0.0399004 0.0457463 0.0947472 0.0928898 0.0276350 0.0866233 0.0873203 0.0980152 0.0806692 0.1013843 0.0834330 0.0849916 0.1078436 0.0955452 0.1033149 0.1004073 0.0825142 0.0981775 0.1002798 0.0992545 0.0980172 0.1006785 0.0990489 0.1054101 0.1049389 0.2344789 0.1196686 0.1920270 
XP0038231263AbnormalSpindleLike___ProteinIsoformX1PanPaniscus         0.0105231 0.0102183 0.0102161 0.0099229 0.0031908 0.0102170 0.0037745 0.0146566 0.0158212 0.0158657 0.0171358 0.0156894 0.0034817 0.0034832 0.0000000 0.0043551 0.0038142 0.0139624 0.0145390 0.0201348 0.0210634 0.0201390 0.0195706 0.0213558 0.0197470 0.0222413 0.0201962 0.0228680 0.0217309 0.0216693 0.0058146 0.0423207 0.0409320 0.0438278 0.0420500 0.0399541 0.0450098 0.0430118 0.0418189 0.0458402 0.0429174 0.0416996 0.0430626 0.0421317 0.0424366 0.0438626 0.0448318 0.0479933 0.0420115 0.0447033 0.0451390 0.0427574 0.0393540 0.0481334 0.0429569 0.0477900 0.0248754 0.0234329 0.0284871 0.0288156 0.0449455 0.0447355 0.0478564 0.0439710 0.0479195 0.0547598 0.0436274 0.0506611 0.0433607 0.0432370 0.0427988 0.0426766 0.0416462 0.0464572 0.0940842 0.0913671 0.0283168 0.0869230 0.0876202 0.0973743 0.0803045 0.1007240 0.0834437 0.0857396 0.1071867 0.0951953 0.1032438 0.0989810 0.0821482 0.0990437 0.1011561 0.0976259 0.0973693 0.1006532 0.0990239 0.1053847 0.1049130 0.2315907 0.1190142 0.1924373 
NP0010089941AbnormalSpindleLike___ProteinHomologPanTroglodytes        0.0102303 0.0099259 0.0099238 0.0096306 0.0017385 0.0099247 0.0023203 0.0149548 0.0167091 0.0167561 0.0168397 0.0165864 0.0020288 0.0020297 0.0043551 0.0000000 0.0023447 0.0161801 0.0134238 0.0210390 0.0219700 0.0216400 0.0207728 0.0222625 0.0212630 0.0231485 0.0217015 0.0238012 0.0226411 0.0225769 0.0043563 0.0426359 0.0412476 0.0441447 0.0429743 0.0412014 0.0513480 0.0433276 0.0421347 0.0461582 0.0432328 0.0420145 0.0433792 0.0424477 0.0427528 0.0441786 0.0451505 0.0486354 0.0423266 0.0450211 0.0454576 0.0433850 0.0457127 0.0487774 0.0432726 0.0541170 0.0251801 0.0237376 0.0287938 0.0291227 0.0463507 0.0447820 0.0492494 0.0472986 0.0559618 0.0605672 0.0523200 0.0591872 0.0436773 0.0435527 0.0429403 0.0428174 0.0435377 0.0478444 0.0968071 0.0987109 0.0296612 0.0875938 0.0882918 0.1002532 0.0816350 0.1034738 0.0859678 0.0871663 0.1101773 0.0965271 0.1045964 0.1026888 0.0834810 0.1004156 0.1017616 0.1018578 0.1002793 0.1035735 0.1019192 0.1083133 0.1078844 0.2351939 0.1220429 0.1935646 
XP0168038532AbnormalSpindleLike___HomologIsoformX1PanTroglodytes      0.0103428 0.0100349 0.0100327 0.0097363 0.0011712 0.0100336 0.0000010 0.0142217 0.0159945 0.0160400 0.0167243 0.0159945 0.0014644 0.0014650 0.0038142 0.0023447 0.0000000 0.0154486 0.0134238 0.0200583 0.0209970 0.0206651 0.0197879 0.0212927 0.0206651 0.0221880 0.0207244 0.0228203 0.0216718 0.0216096 0.0038153 0.0405884 0.0391825 0.0417933 0.0412406 0.0391378 0.0450098 0.0412888 0.0400779 0.0441373 0.0411956 0.0399625 0.0413314 0.0403931 0.0407007 0.0421478 0.0430873 0.0465974 0.0402767 0.0429626 0.0433094 0.0413371 0.0393540 0.0467348 0.0412290 0.0477900 0.0239313 0.0224726 0.0275779 0.0272960 0.0442604 0.0418219 0.0471782 0.0440009 0.0479195 0.0562223 0.0436274 0.0506611 0.0416325 0.0415125 0.0411977 0.0410786 0.0399004 0.0457812 0.0948206 0.0928898 0.0276559 0.0857846 0.0864872 0.0972517 0.0801545 0.1014634 0.0825715 0.0842519 0.1070459 0.0945926 0.1025655 0.0996286 0.0820166 0.0974140 0.0995093 0.0993416 0.0973757 0.1005245 0.0988985 0.1052492 0.1047762 0.2324119 0.1188549 0.1930403 
AAY468151AbnormalSpindleLike___AssociatedSpliceVariant2HomoSapiens    0.0073193 0.0073193 0.0073154 0.0065826 0.0146915 0.0058469 0.0154486 0.0221755 0.0244108 0.0245840 0.0229583 0.0244108 0.0154338 0.0146915 0.0139624 0.0161801 0.0154486 0.0000000 0.0000010 0.0293616 0.0278162 0.0293616 0.0285852 0.0308983 0.0293616 0.0331922 0.0295728 0.0223099 0.0287858 0.0285803 0.0199035 0.0514646 0.0491262 0.0588752 0.0491316 0.0499223 0.0578314 0.0528279 0.0494439 0.0558366 0.0520881 0.0490908 0.0518140 0.0501741 0.0502503 0.0528527 0.0520153 0.0495999 0.0498160 0.0516422 0.0500420 0.0506771 0.0550479 0.0499557 0.0538250 0.0631350 0.0342825 0.0336502 0.0343013 0.0411844 0.0502079 0.0820776 0.0489987 0.0506436 0.0594880 0.0607755 0.0544832 0.0613044 0.0518379 0.0514672 0.0510368 0.0506720 0.0547457 0.0561281 0.0959876 0.1093982 0.0384145 0.0934552 0.0918046 0.1088415 0.0896274 0.1033518 0.0940837 0.0907470 0.1112306 0.1143272 0.1207128 0.1133087 0.0922240 0.1123119 0.1128594 0.1096974 0.1111940 0.1233105 0.1219680 0.1302256 0.1265475 0.2647369 0.1124834 0.2152004 
AAM441191AbnormalSpindleProteinASPPartialHomoSapiens                  0.0000010 0.0000010 0.0000010 0.0000010 0.0134238 0.0000010 0.0134238 0.0202848 0.0248401 0.0248401 0.0230946 0.0248401 0.0134238 0.0134238 0.0145390 0.0134238 0.0134238 0.0000010 0.0000000 0.0249192 0.0262158 0.0260565 0.0249548 0.0249192 0.0260565 0.0260765 0.0260565 0.0285506 0.0285506 0.0285506 0.0145562 0.0458131 0.0451028 0.0411112 0.0434632 0.0411100 0.0750563 0.0446081 0.0458043 0.0460257 0.0387057 0.0458043 0.0458719 0.0457736 0.0469803 0.0387057 0.0493445 0.0482282 0.0457736 0.0493445 0.0481561 0.0482282 0.0663754 0.0482282 0.0458307 0.0684751 0.0248897 0.0238506 0.0342449 0.0272253 0.0482758 0.0445787 0.0507003 0.0482047 0.0677884 0.0772447 0.0629484 0.0803282 0.0481323 0.0481323 0.0446326 0.0446326 0.0478224 0.0463412 0.0869711 0.0766975 0.0260962 0.0781685 0.0844929 0.0916917 0.0789343 0.0982337 0.0823568 0.0781685 0.1011958 0.0814763 0.0867245 0.0942020 0.0806276 0.0936990 0.0955099 0.0905670 0.0895122 0.0874584 0.0867245 0.0926430 0.0954655 0.2493396 0.1082222 0.2257518 
P622941RecNameFullAbnormal___AssociatedProteinHomologPongoPygmaeus    0.0219773 0.0216535 0.0216489 0.0213496 0.0198357 0.0216509 0.0204474 0.0201550 0.0219249 0.0219871 0.0233100 0.0218551 0.0201366 0.0201453 0.0201348 0.0210390 0.0200583 0.0293616 0.0249192 0.0000000 0.0020361 0.0005795 0.0002903 0.0011616 0.0005855 0.0026149 0.0005811 0.0035870 0.0026268 0.0026194 0.0225500 0.0395799 0.0387623 0.0423249 0.0395963 0.0381439 0.0576708 0.0415222 0.0393834 0.0455981 0.0417621 0.0392710 0.0404666 0.0396953 0.0399998 0.0427070 0.0419370 0.0455071 0.0395820 0.0418170 0.0422447 0.0403193 0.0520667 0.0456400 0.0411483 0.0604237 0.0249100 0.0228670 0.0267035 0.0276479 0.0435485 0.0399273 0.0464716 0.0462833 0.0539103 0.0593420 0.0523339 0.0570392 0.0409221 0.0408053 0.0397263 0.0396129 0.0435137 0.0464833 0.0958273 0.1022931 0.0283542 0.0841149 0.0848100 0.1025898 0.0787653 0.0994516 0.0849319 0.0849130 0.1135275 0.0932458 0.1004226 0.1012206 0.0806096 0.1012884 0.1034208 0.1010722 0.1026410 0.1013535 0.0990001 0.1083899 0.1079529 0.2294811 0.1223381 0.1901521 
PNJ501221ASPMIsoform2PongoAbelii                                      0.0229120 0.0225865 0.0225817 0.0222817 0.0207636 0.0225837 0.0213773 0.0210845 0.0228573 0.0229222 0.0242530 0.0227971 0.0210652 0.0210743 0.0210634 0.0219700 0.0209970 0.0278162 0.0262158 0.0020361 0.0000000 0.0026189 0.0011645 0.0026208 0.0026462 0.0046642 0.0026263 0.0032813 0.0023302 0.0023237 0.0234849 0.0405559 0.0397390 0.0433099 0.0405727 0.0391190 0.0544163 0.0425036 0.0403615 0.0465910 0.0427435 0.0402462 0.0414494 0.0406742 0.0409793 0.0436910 0.0429228 0.0465147 0.0405580 0.0427999 0.0432306 0.0412998 0.0488042 0.0466506 0.0421286 0.0571736 0.0258495 0.0238041 0.0276467 0.0285947 0.0429525 0.0405226 0.0458864 0.0440168 0.0498316 0.0563274 0.0479085 0.0548541 0.0419037 0.0417840 0.0407061 0.0405897 0.0416751 0.0458992 0.0952780 0.0990292 0.0277512 0.0852154 0.0859124 0.1020625 0.0798543 0.0989063 0.0843079 0.0843784 0.1129925 0.0943702 0.1015726 0.1006846 0.0817020 0.1007606 0.1028915 0.1004586 0.1021081 0.1008198 0.0984682 0.1078625 0.1074170 0.2310343 0.1218103 0.1920124 
XP0241098892AbnormalSpindleLike___ProteinIsoformX1PongoAbelii         0.0225800 0.0222553 0.0222506 0.0219511 0.0204357 0.0222526 0.0210482 0.0207558 0.0219294 0.0219917 0.0239169 0.0218597 0.0207368 0.0207458 0.0201390 0.0216400 0.0206651 0.0293616 0.0260565 0.0005795 0.0026189 0.0000000 0.0002903 0.0011614 0.0000010 0.0031973 0.0000010 0.0041866 0.0032118 0.0032029 0.0231524 0.0401956 0.0393791 0.0429444 0.0402123 0.0387601 0.0576708 0.0421400 0.0400006 0.0462202 0.0423797 0.0398865 0.0410860 0.0403128 0.0406175 0.0433256 0.0425572 0.0461385 0.0401978 0.0424355 0.0428648 0.0409374 0.0520667 0.0462732 0.0417656 0.0604237 0.0255134 0.0234705 0.0273079 0.0282540 0.0442328 0.0409766 0.0471489 0.0473667 0.0539103 0.0593420 0.0523339 0.0570392 0.0415404 0.0414219 0.0403443 0.0402291 0.0452659 0.0471593 0.0950841 0.1007546 0.0290164 0.0847779 0.0854737 0.1018638 0.0787830 0.0987065 0.0857253 0.0855929 0.1127720 0.0932671 0.1004459 0.1004850 0.0806278 0.1005639 0.1026906 0.1002307 0.1019073 0.1006209 0.0982741 0.1076530 0.1072057 0.2291470 0.1215779 0.1911336 
AAR843531ASPMPongoPygmaeus                                            0.0217118 0.0213879 0.0213834 0.0210836 0.0195680 0.0213853 0.0201803 0.0198874 0.0213629 0.0214236 0.0230448 0.0212871 0.0198692 0.0198778 0.0195706 0.0207728 0.0197879 0.0285852 0.0249548 0.0002903 0.0011645 0.0002903 0.0000000 0.0011637 0.0002932 0.0029117 0.0002911 0.0029928 0.0020455 0.0020397 0.0222856 0.0393375 0.0385182 0.0420853 0.0393538 0.0378989 0.0544163 0.0412821 0.0391400 0.0453628 0.0415224 0.0390282 0.0402241 0.0394523 0.0397572 0.0424685 0.0416966 0.0452683 0.0393396 0.0415771 0.0420049 0.0400771 0.0488042 0.0454006 0.0409078 0.0571736 0.0246490 0.0226026 0.0264449 0.0273902 0.0428657 0.0395038 0.0457958 0.0452024 0.0518527 0.0578212 0.0501014 0.0548541 0.0406808 0.0405645 0.0394832 0.0393703 0.0417657 0.0458088 0.0943996 0.0993432 0.0276932 0.0839289 0.0846249 0.1011982 0.0782557 0.0980219 0.0841396 0.0842341 0.1120844 0.0927531 0.0999351 0.0998099 0.0801027 0.0998990 0.1020215 0.0994583 0.1012345 0.0999487 0.0976069 0.1069819 0.1065231 0.2286882 0.1208899 0.1901218 
AAS485321AbnormalSpindleLikePongoPygmaeus                             0.0232051 0.0228792 0.0228744 0.0225744 0.0210559 0.0228764 0.0216699 0.0213771 0.0231496 0.0232154 0.0245477 0.0230926 0.0213576 0.0213669 0.0213558 0.0222625 0.0212927 0.0308983 0.0249192 0.0011616 0.0026208 0.0011614 0.0011637 0.0000000 0.0011734 0.0037837 0.0011646 0.0047913 0.0038009 0.0037902 0.0237777 0.0408510 0.0400348 0.0436064 0.0408679 0.0394146 0.0576708 0.0427994 0.0406574 0.0468882 0.0430391 0.0405413 0.0417462 0.0409702 0.0412754 0.0439870 0.0432197 0.0468163 0.0408532 0.0430959 0.0435273 0.0415960 0.0520667 0.0469531 0.0424242 0.0604237 0.0261421 0.0240973 0.0276437 0.0282804 0.0435485 0.0404638 0.0464716 0.0462833 0.0539103 0.0593420 0.0523339 0.0570392 0.0421999 0.0420793 0.0410023 0.0408851 0.0435137 0.0464833 0.0958273 0.1022931 0.0283542 0.0855285 0.0862258 0.1025898 0.0801659 0.0994516 0.0849319 0.0849130 0.1135275 0.0946872 0.1018947 0.1012206 0.0820139 0.1012884 0.1034208 0.1010722 0.1026410 0.1013535 0.0990001 0.1083899 0.1079529 0.2304782 0.1223381 0.1907766 
XP0635821391AbnormalSpindleLike___ProteinIsoformX3PongoAbelii         0.0222118 0.0218842 0.0218795 0.0215770 0.0200467 0.0218815 0.0206651 0.0206737 0.0218597 0.0219224 0.0238676 0.0218597 0.0203508 0.0203597 0.0197470 0.0212630 0.0206651 0.0293616 0.0260565 0.0005855 0.0026462 0.0000010 0.0002932 0.0011734 0.0000000 0.0032306 0.0000010 0.0042314 0.0032454 0.0032362 0.0227904 0.0399942 0.0391690 0.0424593 0.0403233 0.0385439 0.0576708 0.0419623 0.0397967 0.0460834 0.0422044 0.0396820 0.0408924 0.0401120 0.0404197 0.0431598 0.0423571 0.0459937 0.0399963 0.0422348 0.0425802 0.0407427 0.0520667 0.0461293 0.0415797 0.0604237 0.0248621 0.0227984 0.0266737 0.0276275 0.0442328 0.0406520 0.0471489 0.0473667 0.0539103 0.0593420 0.0523339 0.0570392 0.0413518 0.0412326 0.0404571 0.0403404 0.0452659 0.0471593 0.0950841 0.1007546 0.0290164 0.0846204 0.0853227 0.1018638 0.0785699 0.0987065 0.0857253 0.0855929 0.1127720 0.0928408 0.1001054 0.1004850 0.0804318 0.1005639 0.1026906 0.1002307 0.1019073 0.1006209 0.0982741 0.1076530 0.1072057 0.2265839 0.1215779 0.1924886 
AAR126431AbnormalSpindle___MicrocephalyAssociatedProteinPongoPygmaeus 0.0240930 0.0237660 0.0237610 0.0234609 0.0219414 0.0237632 0.0225561 0.0222635 0.0240353 0.0241036 0.0254409 0.0239876 0.0222432 0.0222528 0.0222413 0.0231485 0.0221880 0.0331922 0.0260765 0.0026149 0.0046642 0.0031973 0.0029117 0.0037837 0.0032306 0.0000000 0.0032063 0.0062915 0.0052652 0.0052504 0.0246646 0.0417460 0.0409318 0.0445050 0.0417632 0.0403112 0.0674179 0.0436961 0.0415548 0.0477887 0.0439355 0.0414361 0.0426459 0.0418678 0.0421730 0.0448841 0.0441197 0.0477301 0.0417482 0.0439934 0.0444269 0.0424940 0.0618507 0.0478695 0.0433205 0.0701516 0.0270290 0.0249858 0.0288265 0.0297767 0.0463939 0.0425838 0.0492948 0.0496801 0.0600466 0.0638619 0.0589995 0.0635546 0.0430978 0.0429747 0.0419005 0.0417808 0.0490053 0.0493011 0.0989352 0.1071743 0.0310724 0.0868261 0.0875246 0.1056366 0.0811009 0.1025740 0.0883528 0.0878432 0.1167172 0.0960003 0.1032280 0.1043060 0.0829492 0.1043272 0.1064868 0.1046023 0.1057207 0.1044261 0.1020413 0.1107174 0.1110980 0.2328342 0.1255631 0.1925582 
XP0241098932AbnormalSpindleLike___ProteinIsoformX2PongoAbelii         0.0226443 0.0223186 0.0223138 0.0220135 0.0204937 0.0223159 0.0211080 0.0208147 0.0219917 0.0219917 0.0239854 0.0219224 0.0207957 0.0208047 0.0201962 0.0217015 0.0207244 0.0295728 0.0260565 0.0005811 0.0026263 0.0000010 0.0002911 0.0011646 0.0000010 0.0032063 0.0000000 0.0041987 0.0032118 0.0032118 0.0232182 0.0403107 0.0394920 0.0430677 0.0403274 0.0388712 0.0576708 0.0422608 0.0400006 0.0463532 0.0425011 0.0400006 0.0410860 0.0403128 0.0406175 0.0434498 0.0425572 0.0462732 0.0403128 0.0425572 0.0429880 0.0410549 0.0520667 0.0462732 0.0418853 0.0604237 0.0252842 0.0232355 0.0270834 0.0280315 0.0442328 0.0409766 0.0471489 0.0473667 0.0539103 0.0593420 0.0523339 0.0570392 0.0415404 0.0415404 0.0403443 0.0403443 0.0452659 0.0471593 0.0950841 0.1007546 0.0290164 0.0850297 0.0857277 0.1018638 0.0786896 0.0987065 0.0857253 0.0855929 0.1127720 0.0932050 0.1004126 0.1004850 0.0805394 0.1005639 0.1026906 0.1002307 0.1019073 0.1006209 0.0982741 0.1076530 0.1072057 0.2290931 0.1215779 0.1911336 
XP0543081311AbnormalSpindleLike___HomologIsoformX3PongoPygmaeus       0.0247737 0.0244367 0.0244314 0.0241228 0.0225596 0.0244336 0.0231922 0.0225733 0.0247127 0.0247848 0.0258413 0.0246709 0.0228701 0.0225596 0.0228680 0.0238012 0.0228203 0.0223099 0.0285506 0.0035870 0.0032813 0.0041866 0.0029928 0.0047913 0.0042314 0.0062915 0.0041987 0.0000000 0.0008951 0.0008926 0.0250547 0.0426233 0.0417809 0.0454642 0.0423212 0.0411495 0.0544163 0.0442897 0.0424290 0.0485007 0.0448760 0.0423045 0.0435535 0.0424311 0.0430650 0.0458524 0.0450695 0.0430726 0.0423066 0.0449369 0.0447219 0.0430726 0.0488042 0.0431998 0.0442437 0.0571736 0.0277916 0.0256922 0.0296400 0.0306185 0.0450742 0.0415896 0.0479906 0.0451301 0.0498316 0.0578007 0.0479085 0.0548541 0.0440163 0.0438871 0.0427854 0.0426597 0.0416751 0.0479995 0.0975755 0.0990292 0.0297830 0.0861046 0.0868200 0.1043117 0.0802677 0.1012126 0.0868411 0.0865483 0.1153424 0.0959478 0.1021831 0.1029627 0.0821623 0.1030043 0.1051545 0.1030652 0.1043816 0.1030885 0.1007147 0.1101468 0.1097364 0.2347590 0.1239813 0.1918972 
XP0543081251AbnormalSpindleLike___HomologIsoformX2PongoPygmaeus       0.0235879 0.0232604 0.0232554 0.0229543 0.0214300 0.0232576 0.0220465 0.0217527 0.0235313 0.0235313 0.0249377 0.0234780 0.0217328 0.0217422 0.0217309 0.0226411 0.0216718 0.0287858 0.0285506 0.0026268 0.0023302 0.0032118 0.0020455 0.0038009 0.0032454 0.0052652 0.0032118 0.0008951 0.0000000 0.0000010 0.0241621 0.0412994 0.0404813 0.0440662 0.0413165 0.0398588 0.0544163 0.0432554 0.0409885 0.0473603 0.0434957 0.0409885 0.0420788 0.0413016 0.0416069 0.0444473 0.0435533 0.0472951 0.0413016 0.0435533 0.0439873 0.0420485 0.0488042 0.0472951 0.0428787 0.0571736 0.0262324 0.0241809 0.0280357 0.0289876 0.0450742 0.0415896 0.0479906 0.0451301 0.0498316 0.0578007 0.0479085 0.0548541 0.0425321 0.0425321 0.0413339 0.0413339 0.0416751 0.0479995 0.0975755 0.0990292 0.0297830 0.0861540 0.0868540 0.1043117 0.0797560 0.1012126 0.0868411 0.0865483 0.1153424 0.0950069 0.1015313 0.1029627 0.0816085 0.1030043 0.1051545 0.1030652 0.1043816 0.1030885 0.1007147 0.1101468 0.1097364 0.2302032 0.1239813 0.1918972 
XP0543081151AbnormalSpindleLike___HomologIsoformX1PongoPygmaeus       0.0235209 0.0231943 0.0231894 0.0228892 0.0213692 0.0231915 0.0219839 0.0216910 0.0234646 0.0235313 0.0248664 0.0234108 0.0216712 0.0216806 0.0216693 0.0225769 0.0216096 0.0285803 0.0285506 0.0026194 0.0023237 0.0032029 0.0020397 0.0037902 0.0032362 0.0052504 0.0032118 0.0008926 0.0000010 0.0000000 0.0240935 0.0411813 0.0403653 0.0439398 0.0411984 0.0397446 0.0544163 0.0431316 0.0409885 0.0472242 0.0433713 0.0408714 0.0420788 0.0413016 0.0416069 0.0443201 0.0435533 0.0471572 0.0411835 0.0434285 0.0438610 0.0419279 0.0488042 0.0472951 0.0427560 0.0571736 0.0264596 0.0244139 0.0282582 0.0292080 0.0450742 0.0415896 0.0479906 0.0451301 0.0498316 0.0578007 0.0479085 0.0548541 0.0425321 0.0424105 0.0413339 0.0412157 0.0416751 0.0479995 0.0975755 0.0990292 0.0297830 0.0858985 0.0865963 0.1043117 0.0798466 0.1012126 0.0868411 0.0865483 0.1153424 0.0950642 0.1015614 0.1029627 0.0816940 0.1030043 0.1051545 0.1030652 0.1043816 0.1030885 0.1007147 0.1101468 0.1097364 0.2302539 0.1239813 0.1918972 
AAR126421AbnormalSpindle___AssociatedProteinPanTroglodytes            0.0122976 0.0119901 0.0119875 0.0116935 0.0026098 0.0119886 0.0037756 0.0164430 0.0181992 0.0182505 0.0189405 0.0180919 0.0029005 0.0029017 0.0058146 0.0043563 0.0038153 0.0199035 0.0145562 0.0225500 0.0234849 0.0231524 0.0222856 0.0237777 0.0227904 0.0246646 0.0232182 0.0250547 0.0241621 0.0240935 0.0000000 0.0435701 0.0421831 0.0457134 0.0445376 0.0427635 0.0513076 0.0448914 0.0436993 0.0477316 0.0447947 0.0435744 0.0449469 0.0440131 0.0443187 0.0457434 0.0467278 0.0502387 0.0438873 0.0465937 0.0470345 0.0449528 0.0456771 0.0503855 0.0448363 0.0540743 0.0260884 0.0246463 0.0297066 0.0300369 0.0456467 0.0453175 0.0485513 0.0461873 0.0519436 0.0590982 0.0479745 0.0549272 0.0452452 0.0451160 0.0445114 0.0443838 0.0435185 0.0471493 0.0962887 0.0960553 0.0289883 0.0892964 0.0899965 0.0995146 0.0833240 0.1029382 0.0851306 0.0864482 0.1094073 0.0981350 0.1060744 0.1004420 0.0851733 0.0996770 0.1017923 0.1009985 0.0991044 0.1022017 0.1005581 0.1069407 0.1064914 0.2373855 0.1212597 0.1956947 
NP0010980051AbnormalSpindleLike___ProteinHomologMacacaMulatta         0.0433143 0.0429585 0.0429494 0.0426432 0.0407711 0.0429534 0.0413981 0.0419844 0.0434757 0.0436005 0.0447546 0.0429972 0.0410814 0.0410989 0.0423207 0.0426359 0.0405884 0.0514646 0.0458131 0.0395799 0.0405559 0.0401956 0.0393375 0.0408510 0.0399942 0.0417460 0.0403107 0.0426233 0.0412994 0.0411813 0.0435701 0.0000000 0.0020349 0.0236170 0.0105197 0.0073046 0.0087320 0.0227249 0.0017445 0.0257935 0.0227251 0.0017396 0.0029101 0.0032023 0.0017440 0.0233327 0.0153888 0.0138006 0.0031933 0.0153454 0.0153313 0.0093671 0.0149314 0.0138403 0.0046524 0.0000010 0.0417307 0.0399997 0.0445152 0.0451730 0.0112146 0.0227527 0.0190138 0.0243044 0.0224700 0.0345317 0.0141553 0.0217156 0.0043705 0.0043583 0.0096709 0.0096438 0.0135544 0.0265187 0.1031751 0.1082925 0.0480766 0.0885355 0.0894909 0.1091133 0.0848922 0.1105441 0.0969414 0.0937642 0.1217927 0.0973146 0.1056557 0.1075382 0.0870115 0.1093882 0.1109885 0.1075183 0.1107423 0.1073395 0.1071731 0.1136488 0.1120540 0.2368652 0.1311660 0.1954486 
P622911RecNameFullAbnormal___ProteinHomologMacacaFascicularis         0.0419251 0.0415703 0.0415614 0.0412546 0.0393801 0.0415653 0.0400078 0.0405895 0.0420854 0.0422066 0.0433559 0.0415917 0.0396908 0.0397078 0.0409320 0.0412476 0.0391825 0.0491262 0.0451028 0.0387623 0.0397390 0.0393791 0.0385182 0.0400348 0.0391690 0.0409318 0.0394920 0.0417809 0.0404813 0.0403653 0.0421831 0.0020349 0.0000000 0.0236750 0.0102511 0.0073223 0.0058221 0.0227808 0.0014573 0.0255516 0.0227809 0.0014532 0.0032099 0.0035030 0.0026249 0.0233900 0.0150635 0.0138349 0.0034932 0.0150210 0.0153688 0.0093898 0.0149314 0.0138748 0.0049568 0.0000010 0.0402871 0.0388687 0.0433926 0.0440503 0.0112595 0.0228396 0.0190896 0.0233760 0.0206001 0.0332132 0.0121349 0.0197436 0.0046748 0.0046617 0.0096944 0.0096672 0.0119651 0.0266256 0.1021487 0.1058647 0.0475894 0.0884877 0.0894461 0.1088572 0.0848213 0.1102867 0.0957533 0.0927394 0.1207632 0.0972631 0.1058556 0.1071304 0.0869469 0.1091333 0.1107383 0.1063482 0.1103668 0.1070732 0.1069080 0.1134085 0.1118031 0.2366097 0.1309945 0.1947072 
XP0103567532AbnormalSpindleLike___IsoformX1RhinopithecusRoxellana     0.0451473 0.0447879 0.0447783 0.0444707 0.0428984 0.0447825 0.0429013 0.0428858 0.0443816 0.0445093 0.0456722 0.0435991 0.0432105 0.0432290 0.0438278 0.0441447 0.0417933 0.0588752 0.0411112 0.0423249 0.0433099 0.0429444 0.0420853 0.0436064 0.0424593 0.0445050 0.0430677 0.0454642 0.0440662 0.0439398 0.0457134 0.0236170 0.0236750 0.0000000 0.0245322 0.0215780 0.0266255 0.0096325 0.0230802 0.0170674 0.0143542 0.0230151 0.0242862 0.0233829 0.0236810 0.0149512 0.0265378 0.0290943 0.0233169 0.0264626 0.0264456 0.0242900 0.0209091 0.0291784 0.0242277 0.0264948 0.0441935 0.0424519 0.0466598 0.0470455 0.0227085 0.0064829 0.0270885 0.0062284 0.0055287 0.0135458 0.0202441 0.0297232 0.0251884 0.0251173 0.0240111 0.0239432 0.0187955 0.0124693 0.0999052 0.1063239 0.0452971 0.0917690 0.0927303 0.1051172 0.0875058 0.1056740 0.0896046 0.0897030 0.1168429 0.0985016 0.1074884 0.1042291 0.0896294 0.1052188 0.1073712 0.1031250 0.1066926 0.1008546 0.1007330 0.1064236 0.1086894 0.2439420 0.1261572 0.1993350 
XP0118511091PREDI___AssociatedProteinIsoformX1MandrillusLeucophaeus   0.0436538 0.0432973 0.0432881 0.0429816 0.0417323 0.0432921 0.0417351 0.0419932 0.0434848 0.0436096 0.0447640 0.0433204 0.0420433 0.0420612 0.0420500 0.0429743 0.0412406 0.0491316 0.0434632 0.0395963 0.0405727 0.0402123 0.0393538 0.0408679 0.0403233 0.0417632 0.0403274 0.0423212 0.0413165 0.0411984 0.0445376 0.0105197 0.0102511 0.0245322 0.0000000 0.0084837 0.0116957 0.0236389 0.0099582 0.0264189 0.0236391 0.0099303 0.0111400 0.0102541 0.0105480 0.0242481 0.0159880 0.0152941 0.0102254 0.0159428 0.0159284 0.0111419 0.0179790 0.0153381 0.0120017 0.0116015 0.0420682 0.0403363 0.0442206 0.0455145 0.0092209 0.0253603 0.0176894 0.0210986 0.0206462 0.0303253 0.0121448 0.0197588 0.0120263 0.0119925 0.0084901 0.0084663 0.0118508 0.0238340 0.0993274 0.1039084 0.0439694 0.0895710 0.0905286 0.1050454 0.0855812 0.1066650 0.0917778 0.0901081 0.1175550 0.0986728 0.1061990 0.1026579 0.0877018 0.1039955 0.1061499 0.1033166 0.1059134 0.1038523 0.1037096 0.1101430 0.1084958 0.2378017 0.1269032 0.1947199 
XP0252140871AbnormalSpindleLike___ProteinIsoformX1TheropithecusGelada 0.0418782 0.0415238 0.0415150 0.0412084 0.0399602 0.0415188 0.0399628 0.0405438 0.0420383 0.0421592 0.0433072 0.0415446 0.0402709 0.0402881 0.0399541 0.0412014 0.0391378 0.0499223 0.0411100 0.0381439 0.0391190 0.0387601 0.0378989 0.0394146 0.0385439 0.0403112 0.0388712 0.0411495 0.0398588 0.0397446 0.0427635 0.0073046 0.0073223 0.0215780 0.0084837 0.0000000 0.0028958 0.0212831 0.0067358 0.0243500 0.0212832 0.0067169 0.0079145 0.0070307 0.0073244 0.0216752 0.0139325 0.0110852 0.0070110 0.0138930 0.0138796 0.0067206 0.0119131 0.0111171 0.0090736 0.0057664 0.0402950 0.0385586 0.0430813 0.0437384 0.0072346 0.0207161 0.0157015 0.0189391 0.0167896 0.0288674 0.0080559 0.0157317 0.0087990 0.0087743 0.0076281 0.0076067 0.0084381 0.0224803 0.0977690 0.1020840 0.0439400 0.0867760 0.0877301 0.1052701 0.0824669 0.1050918 0.0908815 0.0900453 0.1170179 0.0959918 0.1036521 0.1028785 0.0845871 0.1042226 0.1063739 0.1013454 0.1068495 0.1040818 0.1039379 0.1103597 0.1087194 0.2345466 0.1263455 0.1919405 
ACI289871AbnormalSpindleLike___AssociatedProteinPartialPapioHamadryas 0.0579011 0.0579011 0.0546515 0.0546515 0.0450098 0.0578314 0.0450098 0.0497583 0.0560288 0.0560288 0.0597459 0.0560288 0.0450098 0.0450098 0.0450098 0.0513480 0.0450098 0.0578314 0.0750563 0.0576708 0.0544163 0.0576708 0.0544163 0.0576708 0.0576708 0.0674179 0.0576708 0.0544163 0.0544163 0.0544163 0.0513076 0.0087320 0.0058221 0.0266255 0.0116957 0.0028958 0.0000000 0.0235961 0.0087320 0.0175909 0.0176304 0.0087320 0.0146148 0.0116482 0.0087320 0.0176304 0.0087666 0.0000010 0.0116482 0.0087666 0.0117218 0.0000010 0.0156826 0.0000010 0.0205970 0.0089992 0.0576156 0.0514535 0.0544982 0.0578514 0.0000010 0.0266255 0.0117218 0.0207025 0.0236421 0.0326736 0.0119950 0.0242952 0.0146172 0.0146172 0.0087248 0.0087248 0.0116819 0.0265989 0.0809172 0.0809172 0.0580803 0.0716731 0.0712749 0.0803265 0.0702160 0.0944484 0.0712749 0.0682303 0.0868457 0.0894964 0.0817728 0.0884863 0.0732952 0.0922363 0.0927052 0.0789556 0.0900976 0.0788583 0.0828441 0.0988583 0.0850020 0.2682245 0.0975209 0.1577668 
