100
ANV220541CytochromeP4504F22HomoSapiens                                0.0000000 0.0019408 0.0117280 0.0058394 0.0117260 0.0038894 0.0058365 0.0117260 0.0136818 0.0156545 0.0156429 0.0357647 0.0296917 0.0666478 0.0338148 0.0399970 0.0358861 0.0078002 0.0833205 0.2825825 0.1558024 0.0780577 0.0971485 0.2186709 0.0358634 0.0547440 0.0586688 0.0546546 0.0546822 0.0546223 0.0559697 0.0797448 0.0880722 0.0797448 0.0852744 0.0379366 0.0380044 0.0994046 0.1148357 0.0399075 0.1334199 0.1057731 0.1062054 0.1211005 0.1064975 0.1088486 0.1083344 0.1062054 0.1036664 0.1066708 0.1064975 0.0998197 0.0996434 0.0998530 0.0975791 0.0978102 0.0899101 0.0964896 0.2644082 0.1482290 0.1496304 0.0913657 0.1482290 0.0892460 0.0893102 0.0840257 0.2150301 0.0863535 0.1266445 0.0840409 0.0870633 0.2754091 0.1030046 0.0840257 0.1029329 0.0952299 0.0940685 0.0892460 0.0981504 0.1054277 0.0901456 0.0889920 0.0840257 0.0952299 0.0953017 0.1529294 0.0895359 0.1006045 0.0993131 0.0992773 0.3361084 0.1329845 0.1055132 0.3315511 0.0992217 0.1337750 0.3315511 0.0969838 0.0895359 0.0947449 
NP7757542UltraLongChainFattyAcidOmegaHydroxylaseHomoSapiens           0.0019408 0.0000000 0.0097495 0.0038834 0.0097479 0.0019400 0.0038816 0.0097479 0.0116987 0.0136643 0.0136543 0.0336954 0.0276447 0.0642877 0.0317479 0.0379040 0.0338093 0.0058359 0.0810314 0.2825825 0.1531219 0.0757665 0.0947667 0.2152839 0.0337884 0.0523188 0.0565069 0.0525002 0.0525271 0.0524698 0.0537691 0.0774592 0.0856783 0.0774592 0.0829491 0.0358523 0.0359157 0.0970124 0.1135812 0.0378199 0.1334199 0.1033721 0.1037930 0.1211005 0.1040781 0.1064187 0.1059181 0.1037930 0.1012689 0.1041910 0.1040781 0.0974222 0.0972502 0.0974885 0.0952230 0.0954481 0.0875629 0.0941148 0.2608130 0.1454389 0.1468195 0.0888901 0.1454389 0.0868195 0.0868820 0.0816327 0.2116556 0.0839523 0.1239017 0.0816472 0.0845773 0.2717576 0.1005489 0.0816327 0.1004790 0.0928498 0.0916215 0.0868195 0.0957152 0.1029596 0.0876983 0.0865745 0.0816327 0.0928498 0.0930020 0.1503285 0.0872418 0.0981957 0.0969245 0.0968893 0.3321829 0.1304258 0.1030801 0.3276571 0.0968368 0.1312460 0.3276571 0.0946057 0.0872418 0.0923748 
XP0094331941UltraLongChainFattyAcidOmegaHydroxylasePanTroglodytes     0.0117280 0.0097495 0.0000000 0.0136887 0.0038908 0.0077881 0.0097389 0.0038908 0.0136837 0.0156566 0.0156450 0.0357690 0.0296954 0.0644907 0.0338190 0.0400017 0.0358905 0.0117136 0.0875296 0.2940266 0.1557988 0.0780644 0.0971547 0.2186353 0.0358678 0.0593486 0.0586749 0.0587442 0.0546880 0.0546281 0.0601398 0.0797515 0.0880789 0.0797515 0.0852810 0.0379412 0.0338634 0.0969600 0.1166557 0.0399122 0.1364634 0.1012642 0.1062108 0.1210342 0.1019564 0.1063585 0.1038040 0.1062108 0.0991592 0.1020164 0.1019564 0.0977277 0.0975548 0.0977899 0.0955168 0.0957434 0.0852966 0.0944077 0.2605517 0.1529702 0.1543985 0.0958727 0.1529702 0.0936755 0.0937422 0.0884172 0.2125083 0.0863602 0.1314315 0.0840467 0.0870702 0.2714771 0.1030104 0.0884172 0.1029387 0.0931397 0.0985090 0.0936755 0.0981565 0.1054333 0.0946058 0.0889986 0.0884172 0.0931397 0.0864602 0.1508198 0.0895422 0.0981412 0.0968712 0.0968361 0.3359532 0.1308520 0.1030221 0.3314025 0.0992276 0.1320296 0.3314025 0.0969899 0.0895422 0.0947512 
BAC048681UnnamedProteinProductHomoSapiens                             0.0058394 0.0038834 0.0136887 0.0000000 0.0136863 0.0058369 0.0077856 0.0136863 0.0156430 0.0176187 0.0176056 0.0360482 0.0316828 0.0688546 0.0358167 0.0420108 0.0378932 0.0097546 0.0854246 0.2825825 0.1580863 0.0779712 0.0993061 0.2213867 0.0378687 0.0570423 0.0607092 0.0566958 0.0567240 0.0566616 0.0580513 0.0818542 0.0891314 0.0818542 0.0874065 0.0399465 0.0400185 0.1015647 0.1193734 0.0419162 0.1391066 0.1079274 0.1083684 0.1265336 0.1086670 0.1110205 0.1104964 0.1083684 0.1058213 0.1088929 0.1086670 0.1019846 0.1018056 0.1019881 0.0997118 0.0999482 0.0920511 0.0986417 0.2671771 0.1497441 0.1511610 0.0924825 0.1497441 0.0903286 0.0903938 0.0850609 0.2177448 0.0885522 0.1264867 0.0862375 0.0869984 0.2781958 0.1041728 0.0850609 0.1040999 0.0973892 0.0951863 0.0903286 0.0992845 0.1066135 0.0912418 0.0900679 0.0850609 0.0973892 0.0973882 0.1514564 0.0916301 0.1027773 0.1014710 0.1014346 0.3389682 0.1324005 0.1076965 0.3343972 0.1013762 0.1351048 0.3343972 0.0991370 0.0916301 0.0968968 
XP0038136271UltraLongChainFatty___HydroxylaseIsoformX2PanPaniscus     0.0117260 0.0097479 0.0038908 0.0136863 0.0000000 0.0077868 0.0097372 0.0000010 0.0136812 0.0156537 0.0156421 0.0337952 0.0277262 0.0644958 0.0318420 0.0380168 0.0339097 0.0117116 0.0854833 0.2940266 0.1536130 0.0760006 0.0950630 0.2160669 0.0338887 0.0570956 0.0566763 0.0567430 0.0526849 0.0526272 0.0581001 0.0776976 0.0859510 0.0776976 0.0832066 0.0359589 0.0360227 0.0973165 0.1140257 0.0379322 0.1339214 0.0991803 0.1041174 0.1210342 0.0998578 0.1067523 0.1017140 0.1041174 0.0970718 0.0998670 0.0998578 0.0977274 0.0975546 0.0977896 0.0955165 0.0957426 0.0878354 0.0944082 0.2617369 0.1506815 0.1520968 0.0936869 0.1506815 0.0915263 0.0915918 0.0862840 0.2124276 0.0842203 0.1291190 0.0819088 0.0848573 0.2727146 0.1008700 0.0862840 0.1007997 0.0931405 0.0963557 0.0915263 0.0960205 0.1032889 0.0924418 0.0868518 0.0862840 0.0931405 0.0889332 0.1507984 0.0875072 0.0985044 0.0972269 0.0971915 0.3332936 0.1308403 0.1034049 0.3287544 0.0971382 0.1299020 0.3287544 0.0949013 0.0875072 0.0926631 
XP0040602502UltraLongChain___OmegaHydroxylaseGorillaGorillaGorilla    0.0038894 0.0019400 0.0077881 0.0058369 0.0077868 0.0000000 0.0019379 0.0077868 0.0097345 0.0116950 0.0116865 0.0316674 0.0256326 0.0620064 0.0297202 0.0358567 0.0317740 0.0038848 0.0788364 0.2825825 0.1506290 0.0735639 0.0924961 0.2122105 0.0317547 0.0499635 0.0544102 0.0504072 0.0504334 0.0503787 0.0516322 0.0752635 0.0833868 0.0752635 0.0807208 0.0338115 0.0338707 0.0947359 0.1106812 0.0357777 0.1305695 0.1010919 0.1015034 0.1155269 0.1017811 0.1041150 0.1036261 0.1015034 0.0989905 0.1018374 0.1017811 0.0951394 0.0949711 0.0952375 0.0929778 0.0931972 0.0853183 0.0918505 0.2576024 0.1428355 0.1441980 0.0865236 0.1428355 0.0844979 0.0845589 0.0793388 0.2085892 0.0816513 0.1213188 0.0793526 0.0821966 0.2685089 0.0982133 0.0793388 0.0981451 0.0905789 0.0892845 0.0844979 0.0933941 0.1006149 0.0853578 0.0842606 0.0793388 0.0905789 0.0908083 0.1479070 0.0850477 0.0959027 0.0946493 0.0946147 0.3287562 0.1280244 0.1007690 0.3242534 0.0945648 0.1288726 0.3242534 0.0923395 0.0850477 0.0901131 
XP0543218002UltraLongChainFattyAcidOmegaHydroxylasePongoPygmaeus      0.0058365 0.0038816 0.0097389 0.0077856 0.0097372 0.0019379 0.0000000 0.0097372 0.0116858 0.0136491 0.0136391 0.0336542 0.0276117 0.0641918 0.0317092 0.0378565 0.0337677 0.0019425 0.0809108 0.2825825 0.1528368 0.0756546 0.0946169 0.2147757 0.0337469 0.0522405 0.0564306 0.0524303 0.0524571 0.0524000 0.0536958 0.0773444 0.0855441 0.0773444 0.0828234 0.0358078 0.0358710 0.0926531 0.1133458 0.0377726 0.1331414 0.1032061 0.1036260 0.1155269 0.1039094 0.1062456 0.1057465 0.1036260 0.1011072 0.1040182 0.1039094 0.0972669 0.0970952 0.0973354 0.0950744 0.0952987 0.0874281 0.0939669 0.2601715 0.1451583 0.1465339 0.0887453 0.1451583 0.0866812 0.0867435 0.0815055 0.2111573 0.0838207 0.1236699 0.0815199 0.0844399 0.2710834 0.1003842 0.0815055 0.1003146 0.0927038 0.0914736 0.0866812 0.0955606 0.1027897 0.0875575 0.0864374 0.0815055 0.0927038 0.0928607 0.1500574 0.0830207 0.0980384 0.0925686 0.0967357 0.3313414 0.1301974 0.1029124 0.3268300 0.0966835 0.1310183 0.3268300 0.0944573 0.0830207 0.0922302 
XP0348008201UltraLongChainFatty___HydroxylaseIsoformX1PanPaniscus     0.0117260 0.0097479 0.0038908 0.0136863 0.0000010 0.0077868 0.0097372 0.0000000 0.0136812 0.0156537 0.0156421 0.0337952 0.0277262 0.0644958 0.0318420 0.0380168 0.0339097 0.0117116 0.0854833 0.2940266 0.1536130 0.0760006 0.0950630 0.2160669 0.0338887 0.0570956 0.0566763 0.0567430 0.0526849 0.0526272 0.0581001 0.0776976 0.0859510 0.1285645 0.1394851 0.0464325 0.0360227 0.0973165 0.1140257 0.0379322 0.1339214 0.0991803 0.1041174 0.1210342 0.0998578 0.1067523 0.1017140 0.1041174 0.0970718 0.0998670 0.0998578 0.0977274 0.0975546 0.0977896 0.0955165 0.0957426 0.0878354 0.0944082 0.2617369 0.1737718 0.1753434 0.1425579 0.1737718 0.1091127 0.1091897 0.0862840 0.2588476 0.0842203 0.2545329 0.0819088 0.0848573 0.2727146 0.1008700 0.1380626 0.1007997 0.0931405 0.0963557 0.0915263 0.0960205 0.1032889 0.1093397 0.0868518 0.1205394 0.1274112 0.0889332 0.1507984 0.0875072 0.0985044 0.0972269 0.0971915 0.3332936 0.1308403 0.1034049 0.3287544 0.0971382 0.1299020 0.3316479 0.0949013 0.1291552 0.0926631 
XP0306777161CytochromeP4504F22NomascusLeucogenys                      0.0136818 0.0116987 0.0136837 0.0156430 0.0136812 0.0097345 0.0116858 0.0136812 0.0000000 0.0019405 0.0019391 0.0337440 0.0276843 0.0643899 0.0317936 0.0379590 0.0338582 0.0136648 0.0778543 0.3074095 0.1489153 0.0746799 0.0917156 0.2036881 0.0338372 0.0521955 0.0482271 0.0523902 0.0442526 0.0442050 0.0510887 0.0743189 0.0824085 0.0743189 0.0798258 0.0359042 0.0339782 0.0917593 0.1022843 0.0378746 0.1300461 0.1003985 0.1008112 0.1141600 0.1010896 0.1034452 0.1029548 0.1008112 0.0982760 0.1011293 0.1010896 0.0933092 0.0931430 0.0944930 0.0922111 0.0924312 0.0844689 0.0910655 0.2542545 0.1484668 0.1498717 0.0901052 0.1484668 0.0893827 0.0894471 0.0827346 0.2068652 0.0806462 0.1256030 0.0783183 0.0811631 0.2651317 0.0974160 0.0827346 0.0973474 0.0887348 0.0942126 0.0893827 0.0925383 0.0998459 0.0902845 0.0847088 0.0827346 0.0887348 0.0900371 0.1473522 0.0842146 0.0939362 0.0916760 0.0916425 0.3296834 0.1273505 0.0987473 0.3251562 0.0938063 0.1264216 0.3251562 0.0915588 0.0842146 0.0893100 
XP0550952251UltraLongChain___OmegaHydroxylaseSymphalangusSyndactylus  0.0156545 0.0136643 0.0156566 0.0176187 0.0156537 0.0116950 0.0136491 0.0156537 0.0019405 0.0000000 0.0038829 0.0357686 0.0296951 0.0666524 0.0338186 0.0400011 0.0358901 0.0156349 0.0800352 0.3074095 0.1513333 0.0768745 0.0939659 0.2065978 0.0358673 0.0545291 0.0502913 0.0544639 0.0463150 0.0462650 0.0531872 0.0765055 0.0846906 0.0765055 0.0820417 0.0379407 0.0360174 0.0894788 0.1051081 0.0399116 0.1328438 0.1026526 0.1030749 0.1141600 0.1033600 0.1057210 0.1052190 0.1030749 0.1005300 0.1034562 0.1033600 0.0955556 0.0953859 0.0967218 0.0944360 0.0946609 0.0852774 0.0933099 0.2572449 0.1510018 0.1524231 0.0924620 0.1510018 0.0916815 0.0917472 0.0850234 0.2097882 0.0829385 0.1281503 0.0806063 0.0835361 0.2681462 0.0997331 0.0850234 0.0996629 0.0909724 0.0965220 0.0916815 0.0948441 0.1021718 0.0926002 0.0869965 0.0850234 0.0909724 0.0922116 0.1497145 0.0863933 0.0961617 0.0893979 0.0938636 0.3328027 0.1249113 0.1009897 0.3282606 0.0960567 0.1287540 0.3282606 0.0938049 0.0863933 0.0915531 
XP0320274341UltraLongChainFattyAcidOmegaHydroxylaseHylobatesMoloch    0.0156429 0.0136543 0.0156450 0.0176056 0.0156421 0.0116865 0.0136391 0.0156421 0.0019391 0.0038829 0.0000000 0.0357403 0.0296721 0.0665906 0.0317735 0.0379348 0.0338367 0.0156233 0.0799624 0.3074095 0.1511738 0.0768045 0.0928671 0.2063347 0.0338157 0.0544779 0.0502498 0.0544185 0.0462770 0.0462270 0.0531423 0.0764361 0.0846097 0.0764361 0.0819659 0.0358814 0.0339565 0.0916972 0.1049815 0.0378505 0.1317378 0.1016052 0.1020258 0.1141600 0.1023096 0.1046820 0.1041820 0.1020258 0.0994702 0.1023797 0.1023096 0.0944685 0.0942994 0.0956507 0.0933526 0.0935767 0.0855611 0.0922095 0.2540457 0.1508344 0.1522529 0.0923701 0.1508344 0.0915927 0.0916583 0.0849419 0.2089815 0.0828591 0.1280088 0.0805295 0.0834533 0.2649140 0.0996349 0.0849419 0.0995658 0.0898604 0.0964276 0.0915927 0.0947515 0.1020707 0.0925097 0.0869130 0.0849419 0.0898604 0.0921270 0.1495598 0.0863143 0.0938726 0.0916140 0.0915806 0.3322504 0.1295757 0.0986797 0.3277037 0.0949713 0.1286234 0.3277037 0.0927073 0.0863143 0.0904420 
XP0103598231LOWQUALITYPROTEINCytochromeP4504F22RhinopithecusRoxellana 0.0357647 0.0336954 0.0357690 0.0360482 0.0337952 0.0316674 0.0336542 0.0337952 0.0337440 0.0357686 0.0357403 0.0000000 0.0058107 0.0393785 0.0097326 0.0117117 0.0117059 0.0357149 0.0781884 0.2734750 0.1393023 0.0639598 0.0820235 0.2016266 0.0117004 0.0410145 0.0444433 0.0402222 0.0404571 0.0404138 0.0455965 0.0738022 0.0873936 0.0738022 0.0791583 0.0136807 0.0137023 0.0896746 0.1001155 0.0116881 0.1258272 0.0948906 0.0952711 0.1047914 0.0955269 0.0978153 0.0973641 0.0952711 0.0928177 0.0967536 0.0955269 0.0869318 0.0867782 0.0870574 0.0848435 0.0871127 0.0773490 0.0893698 0.2552742 0.1513054 0.1527089 0.0920383 0.1513054 0.0905246 0.0905887 0.0848009 0.2004569 0.0827693 0.1267294 0.0804977 0.0833451 0.2660547 0.0976019 0.0848009 0.0975346 0.0824605 0.0952954 0.0905246 0.0928169 0.0999859 0.0914225 0.0859066 0.0848009 0.0824605 0.0668486 0.1353067 0.0720090 0.0937767 0.0895936 0.0895607 0.3145211 0.1122642 0.0985532 0.3163981 0.0840661 0.1257019 0.3163981 0.0818877 0.0720090 0.0840912 
XP0230855151CytochromeP4504F22PiliocolobusTephrosceles                0.0296917 0.0276447 0.0296954 0.0316828 0.0277262 0.0256326 0.0276117 0.0277262 0.0276843 0.0296951 0.0296721 0.0058107 0.0000000 0.0327488 0.0038773 0.0097477 0.0058292 0.0296516 0.0717594 0.2734750 0.1365138 0.0635556 0.0798491 0.1995314 0.0058267 0.0403251 0.0437925 0.0396204 0.0398497 0.0398075 0.0449192 0.0674152 0.0818158 0.0674152 0.0726801 0.0077864 0.0077983 0.0830310 0.0986259 0.0097282 0.1176014 0.0882979 0.0886512 0.0996747 0.0888878 0.0911585 0.0907399 0.0886512 0.0862270 0.0898861 0.0888878 0.0803263 0.0801832 0.0805573 0.0783586 0.0806066 0.0708490 0.0828472 0.2462850 0.1446561 0.1460101 0.0862928 0.1446561 0.0848632 0.0849232 0.0792747 0.1917322 0.0772523 0.1202751 0.0750098 0.0776359 0.2569800 0.0918761 0.0792747 0.0918131 0.0758856 0.0895700 0.0848632 0.0871550 0.0942242 0.0857106 0.0803055 0.0792747 0.0758856 0.0687786 0.1356536 0.0696815 0.0871367 0.0829568 0.0829261 0.3113995 0.1089234 0.0918664 0.3070352 0.0818925 0.1188021 0.3070352 0.0797166 0.0696815 0.0775426 
XP0118086221PREDICT___EINCytochromeP4504F22ColobusAngolensisPalliatus 0.0666478 0.0642877 0.0644907 0.0688546 0.0644958 0.0620064 0.0641918 0.0644958 0.0643899 0.0666524 0.0665906 0.0393785 0.0327488 0.0000000 0.0372606 0.0440085 0.0395249 0.0665332 0.1139214 0.2734750 0.1881344 0.1043927 0.1239820 0.2690016 0.0394966 0.0838621 0.0823853 0.0776154 0.0781014 0.0780060 0.0825307 0.1093677 0.1269468 0.1093677 0.1156159 0.0417602 0.0396778 0.1251791 0.1015880 0.0439004 0.1770976 0.1331629 0.1337433 0.0996747 0.1341420 0.1339958 0.1360058 0.1337433 0.1309297 0.1368763 0.1341420 0.1195984 0.1193809 0.1192263 0.1167816 0.1193218 0.1116193 0.1218146 0.3172592 0.1964140 0.1981967 0.1281216 0.1964140 0.1275129 0.1276047 0.1192949 0.2536642 0.1171716 0.1685474 0.1146669 0.1190762 0.3293813 0.1346025 0.1192949 0.1345036 0.1146449 0.1327854 0.1275129 0.1293079 0.1385053 0.1287520 0.1224182 0.1192949 0.1146449 0.1082197 0.1764855 0.1118539 0.1295373 0.1250527 0.1250080 0.3945097 0.1462423 0.1349199 0.3893655 0.1261673 0.1628273 0.3893655 0.1237545 0.1118539 0.1213392 
NP0011814682CytochromeP4504F22MacacaMulatta                           0.0338148 0.0317479 0.0338190 0.0358167 0.0318420 0.0297202 0.0317092 0.0318420 0.0317936 0.0338186 0.0317735 0.0097326 0.0038773 0.0372606 0.0000000 0.0058231 0.0019346 0.0337681 0.0741055 0.2755786 0.1394684 0.0635913 0.0799617 0.2031713 0.0019338 0.0450470 0.0480044 0.0437943 0.0420074 0.0440003 0.0471421 0.0697340 0.0843360 0.0697340 0.0750471 0.0038763 0.0038821 0.0808556 0.1045857 0.0058117 0.1178080 0.0884228 0.0887766 0.1000281 0.0890142 0.0912881 0.0908691 0.0887766 0.0863494 0.0900178 0.0890142 0.0804399 0.0802965 0.0806694 0.0784674 0.0807179 0.0709477 0.0829629 0.2434689 0.1475131 0.1488857 0.0888783 0.1475131 0.0874141 0.0874759 0.0817774 0.1920829 0.0797554 0.1230985 0.0775049 0.0802246 0.2541481 0.0944406 0.0817774 0.0943758 0.0759925 0.0921392 0.0874141 0.0897014 0.0967994 0.0882824 0.0828396 0.0817774 0.0759925 0.0731690 0.1407228 0.0697198 0.0849647 0.0807836 0.0807535 0.3119693 0.1115511 0.0896808 0.3075959 0.0820077 0.1214885 0.3075959 0.0798291 0.0697198 0.0776514 
XP0079937912CytochromeP4504F22ChlorocebusSabaeus                      0.0399970 0.0379040 0.0400017 0.0420108 0.0380168 0.0358567 0.0378565 0.0380168 0.0379590 0.0400011 0.0379348 0.0117117 0.0097477 0.0440085 0.0058231 0.0000000 0.0077820 0.0399399 0.0765170 0.2755786 0.1423605 0.0659439 0.0780355 0.2065824 0.0077785 0.0452357 0.0481830 0.0439556 0.0441292 0.0461266 0.0493221 0.0741396 0.0868816 0.0741396 0.0795276 0.0097448 0.0097599 0.0833567 0.1051067 0.0077704 0.1210752 0.0909375 0.0913031 0.1000281 0.0915488 0.0938376 0.0934043 0.0913031 0.0888559 0.0926438 0.0915488 0.0829318 0.0827838 0.0831213 0.0809062 0.0831735 0.0733669 0.0854316 0.2475653 0.1506061 0.1520038 0.0915010 0.1506061 0.0899983 0.0900619 0.0842993 0.1958683 0.0822732 0.1260695 0.0800096 0.0828302 0.2583222 0.0991761 0.0842993 0.0991078 0.0784573 0.0947537 0.0899983 0.0943996 0.1015572 0.0908897 0.0853957 0.0842993 0.0784573 0.0712846 0.1388587 0.0720948 0.0874789 0.0832819 0.0832510 0.3101901 0.1142748 0.0922294 0.3120926 0.0800879 0.1242441 0.3120926 0.0779061 0.0720948 0.0801119 
EHH297501CytochromeP4504F22MacacaMulatta                              0.0358861 0.0338093 0.0358905 0.0378932 0.0339097 0.0317740 0.0337677 0.0339097 0.0338582 0.0358901 0.0338367 0.0117059 0.0058292 0.0395249 0.0019346 0.0077820 0.0000000 0.0358360 0.0763451 0.2755786 0.1410616 0.0657957 0.0822514 0.2064728 0.0038764 0.0474203 0.0501197 0.0458902 0.0441092 0.0461068 0.0492997 0.0719531 0.0866809 0.0719531 0.0773046 0.0058277 0.0058365 0.0831659 0.1075888 0.0077665 0.1207449 0.0907312 0.0910962 0.1000281 0.0913405 0.0936243 0.0931928 0.0910962 0.0886549 0.0924265 0.0913405 0.0827424 0.0825951 0.0829350 0.0807246 0.0829866 0.0732004 0.0852396 0.2469434 0.1502444 0.1516371 0.0912857 0.1502444 0.0897889 0.0898522 0.0841051 0.1953523 0.0820831 0.1257607 0.0798247 0.0826324 0.2576780 0.0968313 0.0841051 0.0967647 0.0782781 0.0945332 0.0897889 0.0920725 0.0992017 0.0906768 0.0851969 0.0841051 0.0782781 0.0753748 0.1432846 0.0719336 0.0872795 0.0830915 0.0830606 0.3157595 0.1140107 0.0920183 0.3113557 0.0843007 0.1239607 0.3113557 0.0821154 0.0719336 0.0799299 
XP0240929781UltraLongChainFattyAcidOmegaHydroxylasePongoAbelii        0.0078002 0.0058359 0.0117136 0.0097546 0.0117116 0.0038848 0.0019425 0.0117116 0.0136648 0.0156349 0.0156233 0.0357149 0.0296516 0.0665332 0.0337681 0.0399399 0.0358360 0.0000000 0.0831766 0.2963098 0.1554576 0.0734282 0.0969704 0.2180444 0.0358133 0.0546500 0.0585785 0.0545712 0.0545987 0.0545390 0.0558822 0.0796090 0.0879119 0.0796090 0.0851244 0.0378831 0.0379507 0.0950092 0.1163660 0.0398507 0.1361249 0.1055743 0.1060048 0.1213376 0.1062958 0.1086407 0.1081284 0.1060048 0.1034726 0.1064635 0.1062958 0.0996337 0.0994591 0.0996699 0.0974014 0.0976318 0.0897490 0.0963127 0.2636087 0.1478895 0.1492848 0.0911937 0.1478895 0.0890820 0.0891458 0.0838740 0.2144164 0.0861963 0.1263653 0.0838891 0.0868990 0.2745665 0.1028075 0.0838740 0.1027361 0.0950554 0.0938916 0.0890820 0.0979655 0.1052242 0.0899772 0.0888281 0.0838740 0.0950554 0.0951329 0.1526016 0.0852838 0.1004163 0.0949222 0.0990936 0.3350403 0.1327091 0.1053123 0.3305025 0.0990383 0.1335009 0.3305025 0.0968058 0.0852838 0.0945718 
XP0085746201PREDICTEDCytochromeP4504F22GaleopterusVariegatus          0.0833205 0.0810314 0.0875296 0.0854246 0.0854833 0.0788364 0.0809108 0.0854833 0.0778543 0.0800352 0.0799624 0.0781884 0.0717594 0.1139214 0.0741055 0.0765170 0.0763451 0.0831766 0.0000000 0.2753626 0.1403316 0.0698743 0.0766741 0.2306094 0.0719214 0.0724147 0.0674748 0.0635533 0.0594076 0.0703272 0.0645369 0.0654505 0.0866531 0.0654505 0.0719189 0.0720968 0.0742027 0.0827974 0.1312896 0.0761347 0.1169351 0.0812443 0.0836677 0.1192416 0.0838888 0.0840389 0.0857507 0.0836677 0.0812711 0.0825366 0.0838888 0.0827250 0.0806561 0.0816173 0.0793988 0.0816679 0.0742666 0.0806509 0.2531617 0.1462163 0.1475822 0.0884927 0.1462163 0.0854574 0.0833709 0.0814378 0.1983957 0.0836946 0.1225620 0.0814518 0.0842937 0.2667425 0.0922976 0.0814378 0.0924752 0.0750059 0.0879655 0.0854574 0.0892851 0.0964665 0.0862996 0.0849233 0.0814378 0.0750059 0.0851367 0.1582544 0.0767607 0.0856074 0.0764077 0.0743257 0.3180805 0.1213655 0.0924117 0.3136359 0.0787043 0.1324870 0.3136359 0.0765492 0.0767607 0.0743943 
XP0368743311CytochromeP4504F22LikeManisJavanica                       0.2825825 0.2825825 0.2940266 0.2825825 0.2940266 0.2825825 0.2825825 0.2940266 0.3074095 0.3074095 0.3074095 0.2734750 0.2734750 0.2734750 0.2755786 0.2755786 0.2755786 0.2963098 0.2753626 0.0000000 0.4100721 0.2626078 0.2001395 0.2881913 0.2736188 0.2751186 0.3011404 0.2751186 0.2881913 0.3308993 0.3071559 0.2385696 0.2837481 0.2385696 0.2275727 0.2779417 0.2630842 0.2124485 0.2921581 0.2837267 0.2208624 0.2320566 0.2208624 0.2106510 0.2208624 0.2330745 0.2328988 0.2208624 0.2208624 0.2320566 0.2208624 0.2272025 0.2255581 0.2086974 0.2086974 0.2086974 0.2064069 0.2290039 0.1958422 0.2466686 0.2466686 0.2838373 0.2466686 0.2466686 0.2569107 0.2590376 0.2028449 0.2590376 0.2745578 0.2590376 0.2590376 0.2088975 0.2540486 0.2590376 0.2540486 0.2028449 0.2569107 0.2466686 0.2540486 0.2387814 0.2466686 0.2569107 0.2590376 0.2028449 0.2281534 0.4061597 0.2292875 0.1958422 0.1861455 0.2217046 0.2014830 0.3138883 0.2088975 0.2014830 0.2014830 0.3179320 0.2014830 0.2014830 0.2292875 0.2014830 
XP0449951881CytochromeP4504F22JaculusJaculus                          0.1558024 0.1531219 0.1557988 0.1580863 0.1536130 0.1506290 0.1528368 0.1536130 0.1489153 0.1513333 0.1511738 0.1393023 0.1365138 0.1881344 0.1394684 0.1423605 0.1410616 0.1554576 0.1403316 0.4100721 0.0000000 0.1442603 0.1453935 0.3436148 0.1370532 0.1569509 0.1491756 0.1389308 0.1402352 0.1400511 0.1464547 0.1186557 0.1479610 0.1186557 0.1258796 0.1374095 0.1396515 0.1536577 0.2251982 0.1416101 0.1961911 0.1522069 0.1550873 0.2065400 0.1555485 0.1581169 0.1573128 0.1550873 0.1522328 0.1567905 0.1555485 0.1460693 0.1458174 0.1551527 0.1526712 0.1552946 0.1405262 0.1481885 0.3492769 0.2175698 0.2194440 0.1564022 0.2175698 0.1566396 0.1564862 0.1469829 0.2970879 0.1449573 0.1982129 0.1424586 0.1452307 0.3595237 0.1564515 0.1469829 0.1563385 0.1502917 0.1593408 0.1566396 0.1511218 0.1591751 0.1580540 0.1514202 0.1469829 0.1502917 0.1443439 0.2172203 0.1466782 0.1447483 0.1436890 0.1369298 0.4236976 0.1838460 0.1478991 0.4184423 0.1449392 0.2105670 0.4184423 0.1451284 0.1466782 0.1427281 
XP0080473921CytochromeP4504F22CarlitoSyrichta                         0.0780577 0.0757665 0.0780644 0.0779712 0.0760006 0.0735639 0.0756546 0.0760006 0.0746799 0.0768745 0.0768045 0.0639598 0.0635556 0.1043927 0.0635913 0.0659439 0.0657957 0.0734282 0.0698743 0.2626078 0.1442603 0.0000000 0.0834683 0.2368064 0.0657403 0.0738197 0.0669615 0.0668021 0.0653531 0.0695510 0.0704470 0.0717825 0.0919962 0.0717825 0.0772535 0.0679341 0.0680735 0.0912298 0.1378953 0.0699385 0.1261947 0.0878627 0.0882209 0.1254409 0.0884609 0.0907751 0.0903509 0.0882209 0.0857521 0.0894642 0.0884609 0.0883139 0.0881554 0.0847537 0.0825033 0.0848079 0.0808830 0.0821565 0.2803241 0.1544114 0.1558770 0.0936935 0.1544114 0.0906545 0.0928651 0.0861878 0.2160486 0.0840951 0.1296111 0.0817498 0.0847363 0.2892434 0.1084976 0.0861878 0.1084215 0.0837571 0.0976766 0.0906545 0.0990884 0.0990301 0.0915736 0.0880773 0.0861878 0.0837571 0.0861582 0.1521780 0.0646092 0.1009089 0.0912772 0.0867316 0.3358595 0.1166721 0.1037247 0.3312526 0.0855450 0.1334060 0.3312526 0.0833277 0.0646092 0.0811104 
XP0044084351PREDICTEDCytochromeP4504F22OdobenusRosmarusDivergens      0.0971485 0.0947667 0.0971547 0.0993061 0.0950630 0.0924961 0.0946169 0.0950630 0.0917156 0.0939659 0.0928671 0.0820235 0.0798491 0.1239820 0.0799617 0.0780355 0.0822514 0.0969704 0.0766741 0.2001395 0.1453935 0.0834683 0.0000000 0.2420746 0.0798354 0.0851896 0.0842640 0.0767899 0.0705563 0.0841023 0.0810421 0.0528877 0.0727393 0.0528877 0.0572500 0.0788165 0.0800678 0.0815916 0.1474722 0.0797376 0.0412474 0.0216268 0.0216384 0.0339727 0.0197265 0.0237051 0.0216482 0.0216384 0.0216981 0.0204303 0.0197265 0.0299054 0.0298506 0.0318834 0.0298340 0.0318970 0.0257408 0.0322072 0.2500208 0.1361392 0.1374378 0.0795199 0.1361392 0.0764651 0.0785857 0.0728099 0.1362966 0.0708146 0.1124538 0.0686241 0.0709776 0.2577562 0.0962518 0.0728099 0.0961871 0.0298123 0.0809941 0.0764651 0.0872492 0.0942418 0.0772369 0.0759468 0.0728099 0.0298123 0.0919335 0.1555905 0.0730495 0.0802764 0.0747486 0.0746826 0.2048602 0.1180447 0.0814558 0.2071125 0.0058249 0.1211083 0.2071125 0.0038785 0.0730495 0.0058267 
XP0375910241CytochromeP4504F22IsoformX1CebusImitator                  0.2186709 0.2152839 0.2186353 0.2213867 0.2160669 0.2122105 0.2147757 0.2160669 0.2036881 0.2065978 0.2063347 0.2016266 0.1995314 0.2690016 0.2031713 0.2065824 0.2064728 0.2180444 0.2306094 0.2881913 0.3436148 0.2368064 0.2420746 0.0000000 0.2034722 0.0673782 0.1793549 0.1761502 0.1439611 0.1623654 0.1622802 0.2309543 0.2498254 0.2309543 0.2389796 0.2041016 0.2074413 0.2554112 0.0770694 0.2031396 0.1041628 0.2586119 0.2601131 0.1038261 0.2610913 0.2644386 0.2627547 0.2601131 0.2562379 0.2692987 0.2610913 0.2498843 0.2494397 0.2520254 0.2489706 0.2523758 0.2442671 0.2491867 0.2034181 0.2662672 0.2687505 0.2304709 0.2662672 0.2547638 0.2549470 0.2455363 0.1382233 0.2433535 0.3197279 0.2401846 0.2514108 0.2068531 0.2707150 0.2455363 0.2709789 0.2434841 0.2615696 0.2547638 0.2614516 0.2722015 0.2571097 0.2497631 0.2455363 0.2434841 0.2404565 0.3427265 0.2435931 0.2599701 0.2521882 0.2472667 0.2421305 0.3076318 0.2673590 0.2451776 0.2444923 0.3076449 0.2451776 0.2415285 0.2435931 0.2445883 
XP0252233981CytochromeP4504F22TheropithecusGelada                     0.0358634 0.0337884 0.0358678 0.0378687 0.0338887 0.0317547 0.0337469 0.0338887 0.0338372 0.0358673 0.0338157 0.0117004 0.0058267 0.0394966 0.0019338 0.0077785 0.0038764 0.0358133 0.0719214 0.2736188 0.1370532 0.0657403 0.0798354 0.2034722 0.0000000 0.0451068 0.0480611 0.0438457 0.0420569 0.0440523 0.0471989 0.0675665 0.0842005 0.0675665 0.0728466 0.0019342 0.0058340 0.0807271 0.1047496 0.0038667 0.1175813 0.0861862 0.0886367 0.0996414 0.0888731 0.0911436 0.0907249 0.0886367 0.0862136 0.0876876 0.0888731 0.0803125 0.0801695 0.0805437 0.0783452 0.0805929 0.0708364 0.0828334 0.2430086 0.1472594 0.1486282 0.0887326 0.1472594 0.0872725 0.0873341 0.0816466 0.1917122 0.0796275 0.1228851 0.0773807 0.0800916 0.2536684 0.0942878 0.0816466 0.0942233 0.0758723 0.0919896 0.0872725 0.0895567 0.0966426 0.0881384 0.0827056 0.0816466 0.0758723 0.0753078 0.1404936 0.0696121 0.0848301 0.0806553 0.0806253 0.3113963 0.1113697 0.0895377 0.3070312 0.0818786 0.1212929 0.3070312 0.0797039 0.0696121 0.0775291 
XP0123131832UltraLongChainFatty___HydroxylaseIsoformX2AotusNancymaae  0.0547440 0.0523188 0.0593486 0.0570423 0.0570956 0.0499635 0.0522405 0.0570956 0.0521955 0.0545291 0.0544779 0.0410145 0.0403251 0.0838621 0.0450470 0.0452357 0.0474203 0.0546500 0.0724147 0.2751186 0.1569509 0.0738197 0.0851896 0.0673782 0.0451068 0.0000000 0.0244058 0.0000010 0.0246259 0.0292086 0.0273933 0.0721437 0.0801255 0.0721437 0.0795221 0.0452265 0.0476108 0.1003218 0.0643446 0.0450495 0.1214198 0.0996462 0.1001980 0.1083258 0.1005034 0.1031046 0.1025650 0.1001980 0.0974032 0.0992058 0.1005034 0.0932089 0.0930245 0.0934098 0.0908612 0.0934800 0.0873580 0.0920956 0.1572234 0.0861237 0.0870976 0.0788538 0.0861237 0.0811036 0.0787064 0.0748398 0.1589441 0.0773909 0.1213937 0.0748537 0.0778329 0.1695307 0.0969329 0.0748398 0.0968573 0.0881333 0.0839601 0.0811036 0.0890493 0.0971253 0.0820333 0.0784013 0.0748398 0.0881333 0.0744139 0.1573000 0.0783932 0.0978028 0.0979163 0.0905441 0.1591988 0.1186365 0.1057444 0.1621436 0.0874952 0.1438524 0.1621436 0.0850301 0.0783932 0.0875246 
XP0351418701UltraLongChainFattyAcidOmegaHydroxylaseCallithrixJacchus  0.0586688 0.0565069 0.0586749 0.0607092 0.0566763 0.0544102 0.0564306 0.0566763 0.0482271 0.0502913 0.0502498 0.0444433 0.0437925 0.0823853 0.0480044 0.0481830 0.0501197 0.0585785 0.0674748 0.3011404 0.1491756 0.0669615 0.0842640 0.1793549 0.0480611 0.0244058 0.0000000 0.0235396 0.0236786 0.0277163 0.0318547 0.0737954 0.0761064 0.0737954 0.0791564 0.0501690 0.0502985 0.1005512 0.0576136 0.0439752 0.1263978 0.0929375 0.0933954 0.1216813 0.0936470 0.0959411 0.0954972 0.0933954 0.0909392 0.0947266 0.0936470 0.0912709 0.0911109 0.0914228 0.0891969 0.0914823 0.0861009 0.0894594 0.2750638 0.1455866 0.1469548 0.0827072 0.1455866 0.0827222 0.0806084 0.0757292 0.2027125 0.0736835 0.1167239 0.0714270 0.0739487 0.2888612 0.0887657 0.0757292 0.0887041 0.0822123 0.0852482 0.0827222 0.0839964 0.0868148 0.0835542 0.0760005 0.0757292 0.0822123 0.0680343 0.1520939 0.0752019 0.0991733 0.0962820 0.0941108 0.3295468 0.1178970 0.1061983 0.3313577 0.0863090 0.1315950 0.3313577 0.0841241 0.0752019 0.0863349 
XP0123131782UltraLongChainFatty___HydroxylaseIsoformX1AotusNancymaae  0.0546546 0.0525002 0.0587442 0.0566958 0.0567430 0.0504072 0.0524303 0.0567430 0.0523902 0.0544639 0.0544185 0.0402222 0.0396204 0.0776154 0.0437943 0.0439556 0.0458902 0.0545712 0.0635533 0.2751186 0.1389308 0.0668021 0.0767899 0.1761502 0.0438457 0.0000010 0.0235396 0.0000000 0.0237264 0.0277725 0.0261532 0.0654287 0.0744734 0.0654287 0.0718885 0.0439477 0.0460531 0.0898826 0.0711541 0.0437965 0.1246481 0.0894838 0.0899209 0.1083258 0.0901602 0.0924257 0.0920029 0.0899209 0.0875013 0.0887090 0.0901602 0.0837738 0.0836260 0.0861265 0.0838940 0.0861814 0.0787110 0.0851278 0.2576225 0.1353825 0.1366870 0.0765749 0.1353825 0.0752745 0.0731670 0.0698561 0.2037988 0.0720895 0.1097361 0.0698671 0.0722975 0.2712819 0.0869409 0.0698561 0.0868813 0.0793421 0.0777549 0.0752745 0.0822394 0.0892767 0.0760438 0.0729214 0.0698561 0.0793421 0.0696398 0.1487951 0.0708432 0.0876764 0.0856071 0.0834354 0.3186790 0.1059844 0.0945897 0.3205601 0.0788226 0.1326813 0.3205601 0.0766633 0.0708432 0.0788460 
XP0173745871CytochromeP4504F22IsoformX2CebusImitator                  0.0546822 0.0525271 0.0546880 0.0567240 0.0526849 0.0504334 0.0524571 0.0526849 0.0442526 0.0463150 0.0462770 0.0404571 0.0398497 0.0781014 0.0420074 0.0441292 0.0441092 0.0545987 0.0594076 0.2881913 0.1402352 0.0653531 0.0705563 0.1439611 0.0420569 0.0246259 0.0236786 0.0237264 0.0000000 0.0117620 0.0117687 0.0636618 0.0704595 0.0636618 0.0701412 0.0421560 0.0442667 0.0835956 0.0744338 0.0420096 0.1140281 0.0832363 0.0836446 0.1038261 0.0838655 0.0861198 0.0857273 0.0836446 0.0812484 0.0846103 0.0838655 0.0754541 0.0753191 0.0798489 0.0776253 0.0798982 0.0724888 0.0788913 0.2523157 0.1346820 0.1359763 0.0746647 0.1346820 0.0730767 0.0731291 0.0679822 0.1882652 0.0659461 0.1077608 0.0637261 0.0659475 0.2632730 0.0806045 0.0679822 0.0806841 0.0710436 0.0777121 0.0730767 0.0781980 0.0852248 0.0738279 0.0703576 0.0679822 0.0710436 0.0724432 0.1457814 0.0715489 0.0862373 0.0771035 0.0792817 0.3038761 0.1107686 0.0910334 0.3058053 0.0725920 0.1235453 0.3058053 0.0704408 0.0715489 0.0726138 
XP0039448781CytochromeP4504F22SaimiriBoliviensisBoliviensis           0.0546223 0.0524698 0.0546281 0.0566616 0.0526272 0.0503787 0.0524000 0.0526272 0.0442050 0.0462650 0.0462270 0.0404138 0.0398075 0.0780060 0.0440003 0.0461266 0.0461068 0.0545390 0.0703272 0.3308993 0.1400511 0.0695510 0.0841023 0.1623654 0.0440523 0.0292086 0.0277163 0.0277725 0.0117620 0.0000000 0.0197809 0.0724900 0.0780879 0.0724900 0.0790631 0.0441563 0.0462709 0.0882281 0.0801151 0.0440025 0.1315211 0.0969672 0.0974454 0.1336104 0.0977092 0.1000172 0.0995522 0.0974454 0.0949679 0.0989276 0.0977092 0.0891741 0.0890160 0.0925136 0.0902311 0.0925756 0.0860344 0.0914565 0.2593840 0.1457356 0.1471136 0.0825323 0.1457356 0.0825508 0.0826097 0.0755369 0.2076137 0.0734850 0.1166987 0.0712227 0.0737440 0.2704599 0.0859091 0.0755369 0.0859941 0.0846658 0.0872708 0.0825508 0.0834643 0.0905939 0.0833844 0.0779808 0.0755369 0.0846658 0.0767956 0.1455920 0.0758538 0.0909084 0.0839277 0.0792763 0.3259584 0.1206720 0.0957495 0.3278175 0.0861552 0.1316517 0.3278175 0.0839618 0.0758538 0.0861810 
XP0321274221CytochromeP4504F22SapajusApella                           0.0559697 0.0537691 0.0601398 0.0580513 0.0581001 0.0516322 0.0536958 0.0581001 0.0510887 0.0531872 0.0531423 0.0455965 0.0449192 0.0825307 0.0471421 0.0493221 0.0492997 0.0558822 0.0645369 0.3071559 0.1464547 0.0704470 0.0810421 0.1622802 0.0471989 0.0273933 0.0318547 0.0261532 0.0117687 0.0197809 0.0000000 0.0693641 0.0757641 0.0693641 0.0759885 0.0473125 0.0494792 0.0898534 0.0830940 0.0471444 0.1281541 0.0940137 0.0944817 0.1198818 0.0947388 0.0970601 0.0966059 0.0944817 0.0919948 0.0934000 0.0947388 0.0861350 0.0859802 0.0906079 0.0883231 0.0906682 0.0829974 0.0895593 0.2630566 0.1393832 0.1407235 0.0757069 0.1393832 0.0765851 0.0766406 0.0689122 0.2045016 0.0711778 0.1093141 0.0689231 0.0713579 0.2741942 0.0861088 0.0689122 0.0861941 0.0815951 0.0813014 0.0765851 0.0836579 0.0908048 0.0773761 0.0763785 0.0689122 0.0815951 0.0783174 0.1505651 0.0774987 0.0925765 0.0854995 0.0854672 0.3227624 0.1167759 0.0974856 0.3246327 0.0831160 0.1318386 0.3246327 0.0809060 0.0774987 0.0831411 
XP0473869411UltraLongChain___HydroxylaseIsoformX2SciurusCarolinensis  0.0797448 0.0774592 0.0797515 0.0818542 0.0776976 0.0752635 0.0773444 0.0776976 0.0743189 0.0765055 0.0764361 0.0738022 0.0674152 0.1093677 0.0697340 0.0741396 0.0719531 0.0796090 0.0654505 0.2385696 0.1186557 0.0717825 0.0528877 0.2309543 0.0675665 0.0721437 0.0737954 0.0654287 0.0636618 0.0724900 0.0693641 0.0000000 0.0682884 0.0000010 0.0058170 0.0677298 0.0698255 0.0820070 0.1370944 0.0717562 0.0912760 0.0590709 0.0613607 0.0854856 0.0615180 0.0636856 0.0634046 0.0613607 0.0590934 0.0592241 0.0615180 0.0592277 0.0591215 0.0569347 0.0547624 0.0569650 0.0506207 0.0546439 0.2513963 0.1272659 0.1284935 0.0702635 0.1272659 0.0690726 0.0711684 0.0638652 0.1722101 0.0618738 0.1022284 0.0597157 0.0595101 0.2599511 0.0825501 0.0638652 0.0824946 0.0549665 0.0735235 0.0690726 0.0737008 0.0805297 0.0697758 0.0668546 0.0638652 0.0549665 0.0845501 0.1518935 0.0699955 0.0806887 0.0773001 0.0750653 0.2836130 0.1153302 0.0833377 0.2794014 0.0548989 0.1167808 0.2794014 0.0528044 0.0699955 0.0507112 
XP0552868911UltraLongChain___HydroxylaseIsoformX1MoschusBerezovskii   0.0880722 0.0856783 0.0880789 0.0891314 0.0859510 0.0833868 0.0855441 0.0859510 0.0824085 0.0846906 0.0846097 0.0873936 0.0818158 0.1269468 0.0843360 0.0868816 0.0866809 0.0879119 0.0866531 0.2837481 0.1479610 0.0919962 0.0727393 0.2498254 0.0842005 0.0801255 0.0761064 0.0744734 0.0704595 0.0780879 0.0757641 0.0682884 0.0000000 0.0682884 0.0728006 0.0831285 0.0844495 0.0885062 0.1431336 0.0885715 0.1140759 0.0834689 0.0815552 0.1142570 0.0816828 0.0840202 0.0835480 0.0815552 0.0812807 0.0870628 0.0816828 0.0768515 0.0767153 0.0796216 0.0773929 0.0775748 0.0727517 0.0787536 0.2417974 0.0744236 0.0752221 0.0185114 0.0744236 0.0220637 0.0200621 0.0138818 0.1917483 0.0158794 0.0473730 0.0138724 0.0122720 0.2553676 0.0387658 0.0138818 0.0387416 0.0724718 0.0241699 0.0220637 0.0304516 0.0367453 0.0223179 0.0180273 0.0138818 0.0724718 0.1006371 0.1504653 0.0764461 0.0766337 0.0837592 0.0773679 0.3091062 0.1153024 0.0834866 0.3047475 0.0747769 0.1088706 0.3047475 0.0726198 0.0764461 0.0704646 
XP0473869401UltraLongChain___HydroxylaseIsoformX1SciurusCarolinensis  0.0797448 0.0774592 0.0797515 0.0818542 0.0776976 0.0752635 0.0773444 0.1285645 0.0743189 0.0765055 0.0764361 0.0738022 0.0674152 0.1093677 0.0697340 0.0741396 0.0719531 0.0796090 0.0654505 0.2385696 0.1186557 0.0717825 0.0528877 0.2309543 0.0675665 0.0721437 0.0737954 0.0654287 0.0636618 0.0724900 0.0693641 0.0000010 0.0682884 0.0000000 0.0405957 0.1141560 0.0698255 0.0820070 0.1370944 0.0717562 0.0912760 0.0590709 0.0613607 0.0854856 0.0615180 0.0636856 0.0634046 0.0613607 0.0590934 0.0592241 0.0615180 0.0592277 0.0591215 0.0569347 0.0547624 0.0569650 0.0506207 0.0546439 0.2513963 0.1294845 0.1307252 0.1022887 0.1294845 0.0711304 0.0732244 0.0638652 0.1965063 0.0618738 0.1300479 0.0597157 0.0595101 0.2599511 0.0825501 0.0868551 0.0824946 0.0549665 0.0735235 0.0690726 0.0737008 0.0805297 0.0718496 0.0668546 0.0858919 0.0717017 0.0845501 0.1518935 0.0699955 0.0806887 0.0773001 0.0750653 0.2836130 0.1153302 0.0833377 0.2794014 0.0548989 0.1167808 0.2818102 0.0528044 0.0872700 0.0507112 
MBZ38801991CytochromeP4504F22SciurusCarolinensis                      0.0852744 0.0829491 0.0852810 0.0874065 0.0832066 0.0807208 0.0828234 0.1394851 0.0798258 0.0820417 0.0819659 0.0791583 0.0726801 0.1156159 0.0750471 0.0795276 0.0773046 0.0851244 0.0719189 0.2275727 0.1258796 0.0772535 0.0572500 0.2389796 0.0728466 0.0795221 0.0791564 0.0718885 0.0701412 0.0790631 0.0759885 0.0058170 0.0728006 0.0405957 0.0000000 0.1240037 0.0751463 0.0887148 0.1431868 0.0770909 0.0942089 0.0634675 0.0657864 0.0803915 0.0659564 0.0681434 0.0678406 0.0657864 0.0634911 0.0615010 0.0659564 0.0614941 0.0613838 0.0604691 0.0583049 0.0605018 0.0528380 0.0598153 0.2598202 0.1361703 0.1374706 0.1121142 0.1361703 0.0764607 0.0785804 0.0683358 0.2042068 0.0663408 0.1488443 0.0641649 0.0641024 0.2685317 0.0872161 0.0954185 0.0871570 0.0572101 0.0781260 0.0736385 0.0782991 0.0851955 0.0772322 0.0714016 0.0916605 0.0780951 0.0911397 0.1555223 0.0765067 0.0874306 0.0839494 0.0816921 0.2898858 0.1188623 0.0901356 0.2856023 0.0592682 0.1191237 0.2907629 0.0571583 0.0981292 0.0550499 
XP0039151253CytochromeP4504F22PapioAnubis                             0.0379366 0.0358523 0.0379412 0.0399465 0.0359589 0.0338115 0.0358078 0.0464325 0.0359042 0.0379407 0.0358814 0.0136807 0.0077864 0.0417602 0.0038763 0.0097448 0.0058277 0.0378831 0.0720968 0.2779417 0.1374095 0.0679341 0.0788165 0.2041016 0.0019342 0.0452265 0.0501690 0.0439477 0.0421560 0.0441563 0.0473125 0.0677298 0.0831285 0.1141560 0.1240037 0.0000000 0.0077960 0.0809281 0.1050815 0.0058130 0.1160240 0.0851201 0.0875492 0.1002326 0.0877811 0.0900338 0.0896240 0.0875492 0.0851471 0.0865668 0.0877811 0.0804916 0.0803479 0.0817389 0.0795162 0.0817897 0.0709852 0.0850786 0.2437550 0.1453217 0.1466689 0.1335156 0.1453217 0.0859687 0.0860290 0.0805987 0.2425319 0.0785928 0.1883269 0.0763639 0.0790185 0.2544479 0.0931336 0.1188655 0.0930703 0.0760375 0.0908471 0.0861667 0.0884393 0.0954696 0.0868171 0.0816373 0.1110148 0.1108968 0.0754886 0.1423173 0.0697801 0.0850409 0.0808559 0.0808258 0.3088465 0.1129285 0.0897618 0.3045040 0.0808444 0.1199633 0.3036254 0.0786871 0.1020339 0.0765303 
XP0452357972UltraLongChainFattyAcidOmegaHydroxylaseMacacaFascicularis 0.0380044 0.0359157 0.0338634 0.0400185 0.0360227 0.0338707 0.0358710 0.0360227 0.0339782 0.0360174 0.0339565 0.0137023 0.0077983 0.0396778 0.0038821 0.0097599 0.0058365 0.0379507 0.0742027 0.2630842 0.1396515 0.0680735 0.0800678 0.2074413 0.0058340 0.0476108 0.0502985 0.0460531 0.0442667 0.0462709 0.0494792 0.0698255 0.0844495 0.0698255 0.0751463 0.0077960 0.0000000 0.0786005 0.1081011 0.0097403 0.1179932 0.0885390 0.0888939 0.0945019 0.0891318 0.0890134 0.0909886 0.0888939 0.0864632 0.0901409 0.0891318 0.0784727 0.0783320 0.0787349 0.0765317 0.0787828 0.0665882 0.0810279 0.2401467 0.1477158 0.1490912 0.0889999 0.1477158 0.0875325 0.0875944 0.0818872 0.1898606 0.0798629 0.1232720 0.0776094 0.0803363 0.2507744 0.0945674 0.0818872 0.0945025 0.0740217 0.0922637 0.0875325 0.0898221 0.0969295 0.0884027 0.0829520 0.0818872 0.0740217 0.0689039 0.1438434 0.0698110 0.0827071 0.0785308 0.0785015 0.3123852 0.1095762 0.0874029 0.3080066 0.0821161 0.1216484 0.3080066 0.0799350 0.0698110 0.0777543 
