100
XP0552069131Phosphatidylinositol345___GorillaGorillaGorilla           0.0000000 0.0687392 0.0678136 0.0678136 0.0678136 0.0678136 0.0678136 0.0736012 0.0736012 0.0345326 0.0347805 0.0687392 0.0687392 0.0376652 0.0687392 0.0687392 0.0681081 0.0313000 0.0185453 0.0054756 0.0750699 0.0743296 0.0750699 0.0750699 0.0343206 0.2294744 0.1718743 0.0594954 0.0594954 0.0594954 0.2486474 0.2476835 0.1586561 0.4129669 0.3074972 0.2111200 0.1571625 0.1604769 0.1604769 0.1604769 0.2993293 0.1327707 0.4027595 0.4027595 0.4027595 0.1764584 0.3720945 0.4027595 0.1276870 0.0771083 0.1722210 0.2492534 0.9590303 0.3604737 0.3900639 1.0718207 0.2431760 0.2390506 0.5995777 0.1413596 0.1327707 0.1285244 0.1196488 0.1004849 0.1135209 0.1130246 0.2009536 0.8084410 0.2455402 0.1953829 0.1004849 0.1004849 0.1004849 1.1135853 0.2240103 0.1008982 0.0865822 0.0910998 0.1439277 0.1621790 0.1248377 0.5219502 0.3283909 0.2678766 0.3314894 0.1998941 0.1476573 0.3314894 0.3314894 0.5435751 0.3314894 0.3288913 0.2709889 0.3314894 0.4647686 0.1203394 0.2117342 0.2104984 0.5647992 0.2492534 
XP0473021701PutativeTyrosineProtein___EIsoformX4HomoSapiens           0.0687392 0.0000000 0.0000010 0.0056365 0.0037519 0.0000010 0.0018728 0.0000010 0.0000010 0.0876582 0.0912454 0.0037519 0.0056365 0.1042398 0.0000010 0.0018728 0.0000010 0.0841583 0.0907090 0.0988991 0.0058688 0.0000010 0.0019497 0.0000010 0.0949679 0.1988612 0.0918000 0.0073183 0.0024293 0.0000010 0.4093586 0.2022607 0.2216468 0.3406716 0.3102407 0.1946700 0.1517282 0.1536148 0.1465713 0.1465713 0.2991894 0.1621832 0.4035682 0.4254103 0.3292710 0.1847888 0.3451294 0.3559081 0.1493841 0.1025949 0.1897838 0.2016080 0.5982485 0.4247885 0.5623156 0.6435324 0.2006581 0.2004884 0.4983158 0.1474242 0.1380832 0.1472964 0.1441049 0.1779814 0.1524733 0.1380832 0.1992329 0.5217555 0.2031290 0.2478464 0.1368435 0.1391484 0.1416399 0.6841776 0.1956181 0.1445104 0.1448310 0.1579966 0.1905020 0.1951625 0.1748135 0.5063022 0.2836811 0.2814133 0.2933331 0.1848252 0.1813859 0.2836811 0.2836811 0.5124683 0.2306384 0.2839566 0.2814133 0.2171842 0.5841742 0.1599216 0.2016080 0.2107265 0.5281521 0.1920718 
XP0473021621PutativeTyrosineProtein___EIsoformX1HomoSapiens           0.0678136 0.0000010 0.0000000 0.0054341 0.0036174 0.0000010 0.0018057 0.0000010 0.0000010 0.0858060 0.0892013 0.0037519 0.0056365 0.1015355 0.0000010 0.0018728 0.0000010 0.0859557 0.0887062 0.0963902 0.0058688 0.0000010 0.0019497 0.0000010 0.0927118 0.2112522 0.0897119 0.0073183 0.0024293 0.0000010 0.4078678 0.2147009 0.2216468 0.3586981 0.3102407 0.2029806 0.1456479 0.1543612 0.1475578 0.1475578 0.3070697 0.1581751 0.4045348 0.4261605 0.3304423 0.1822652 0.3451294 0.3568459 0.1434051 0.0998831 0.1868676 0.2140275 0.6283005 0.4247885 0.5623156 0.6755521 0.2101147 0.2099400 0.4983158 0.1439366 0.1350044 0.1470012 0.1433666 0.1726123 0.1487811 0.1350044 0.2038251 0.5217555 0.2125261 0.2478464 0.1336997 0.1359159 0.1383068 0.7020137 0.2027138 0.1407087 0.1408703 0.1579966 0.1905020 0.1951625 0.1748135 0.5063022 0.3206202 0.2806758 0.3326194 0.1848252 0.1813859 0.3206202 0.3206202 0.5124683 0.2674692 0.3209352 0.2806758 0.2546677 0.5841742 0.1599216 0.2140275 0.2141484 0.5609269 0.2060035 
NP9548703PutativeTyrosineProtein___EIsoformAlphaHomoSapiens           0.0678136 0.0056365 0.0054341 0.0000000 0.0018056 0.0054341 0.0036168 0.0056497 0.0056497 0.0858060 0.0892013 0.0018726 0.0000010 0.1015355 0.0056365 0.0037513 0.0056244 0.0859557 0.0887062 0.0963902 0.0000010 0.0058556 0.0039056 0.0058688 0.0927118 0.2112522 0.0897119 0.0000010 0.0048682 0.0073183 0.4186362 0.2230015 0.2328626 0.3691612 0.3212113 0.2029806 0.1528674 0.1616754 0.1547905 0.1547905 0.3070697 0.1656627 0.4199714 0.4399424 0.3428966 0.1901369 0.3566377 0.3682413 0.1505983 0.0998831 0.1926875 0.2222979 0.6431697 0.4382894 0.5782847 0.6915358 0.2182065 0.2180219 0.5131432 0.1513774 0.1422389 0.1545054 0.1511068 0.1815011 0.1562902 0.1422389 0.2118096 0.5367106 0.2206450 0.2478464 0.1411899 0.1434248 0.1458467 0.7184747 0.2108822 0.1463781 0.1467593 0.1681873 0.2025350 0.2069350 0.1851759 0.5063022 0.3222858 0.2823934 0.3306609 0.1940544 0.1901762 0.3222858 0.3222858 0.5213480 0.2728667 0.3226024 0.2823934 0.2580189 0.6008314 0.1685661 0.2222979 0.2228770 0.5762577 0.2150415 
BAG369441UnnamedProteinProductHomoSapiens                             0.0678136 0.0037519 0.0036174 0.0018056 0.0000000 0.0036174 0.0018057 0.0037607 0.0037607 0.0858060 0.0892013 0.0000010 0.0018726 0.1015355 0.0037519 0.0018728 0.0037438 0.0859557 0.0887062 0.0963902 0.0019496 0.0038975 0.0019497 0.0039063 0.0927118 0.2112522 0.0897119 0.0024291 0.0024293 0.0048693 0.4183052 0.2203812 0.2293233 0.3659417 0.3178080 0.2029806 0.1505530 0.1593354 0.1524729 0.1524729 0.3070697 0.1632696 0.4152463 0.4357393 0.3390442 0.1876348 0.3530880 0.3647332 0.1482910 0.0998831 0.1926875 0.2196869 0.6387360 0.4341704 0.5734893 0.6867892 0.2156499 0.2154683 0.5086595 0.1489907 0.1399135 0.1521002 0.1486235 0.1786687 0.1538845 0.1399135 0.2092835 0.5322010 0.2180811 0.2478464 0.1387813 0.1410115 0.1434248 0.7135972 0.2082972 0.1463781 0.1467593 0.1649261 0.1987101 0.2031972 0.1818725 0.5063022 0.3188178 0.2789790 0.3306609 0.1911206 0.1873803 0.3188178 0.3188178 0.5170055 0.2695141 0.3191298 0.2789790 0.2546677 0.5958396 0.1658027 0.2196869 0.2201208 0.5716547 0.2121817 
NP0014119451PutativeTyrosineProteinPhosphataseTPTEIsoform1HomoSapiens 0.0678136 0.0000010 0.0000010 0.0054341 0.0036174 0.0000000 0.0018057 0.0000010 0.0000010 0.0858060 0.0892013 0.0037519 0.0056365 0.1015355 0.0000010 0.0018728 0.0000010 0.0859557 0.0887062 0.0963902 0.0058688 0.0000010 0.0019497 0.0000010 0.0927118 0.2112522 0.0897119 0.0073183 0.0024293 0.0000010 0.4078678 0.2147009 0.2216468 0.3586981 0.3102407 0.2029806 0.1456479 0.1543612 0.1475578 0.1475578 0.3070697 0.1581751 0.4045348 0.4261605 0.3304423 0.1822652 0.3451294 0.3568459 0.1434051 0.0998831 0.1868676 0.2140275 0.6283005 0.4247885 0.5623156 0.6755521 0.2101147 0.2099400 0.4983158 0.1439366 0.1350044 0.1470012 0.1433666 0.1726123 0.1487811 0.1350044 0.2038251 0.5217555 0.2125261 0.2478464 0.1336997 0.1359159 0.1383068 0.7020137 0.2027138 0.1407087 0.1408703 0.1579966 0.1905020 0.1951625 0.1748135 0.5063022 0.3206202 0.2806758 0.3326194 0.1848252 0.1813859 0.3206202 0.3206202 0.5124683 0.2674692 0.3209352 0.2806758 0.2546677 0.5841742 0.1599216 0.2140275 0.2141484 0.5609269 0.2060035 
AAC345741PutativeTyrosinePhosphataseHomoSapiens                       0.0678136 0.0018728 0.0018057 0.0036168 0.0018057 0.0018057 0.0000000 0.0018771 0.0018771 0.0858060 0.0892013 0.0018728 0.0037513 0.1015355 0.0018728 0.0000010 0.0018687 0.0859557 0.0887062 0.0963902 0.0039056 0.0019453 0.0000010 0.0019497 0.0927118 0.2112522 0.0897119 0.0048682 0.0000010 0.0024293 0.4135446 0.2177162 0.2257244 0.3626222 0.3143163 0.2029806 0.1482140 0.1569688 0.1501303 0.1501303 0.3070697 0.1608482 0.4103589 0.4313802 0.3350855 0.1850975 0.3494337 0.3611173 0.1459598 0.0998831 0.1899398 0.2170312 0.6340508 0.4298999 0.5684546 0.6817527 0.2130505 0.2128721 0.5039797 0.1465794 0.1375658 0.1496694 0.1461149 0.1757997 0.1514528 0.1375658 0.2067167 0.5274833 0.2154738 0.2478464 0.1363501 0.1385751 0.1409793 0.7084096 0.2056709 0.1436697 0.1439463 0.1616299 0.1948345 0.1994078 0.1785285 0.5063022 0.3210734 0.2810906 0.3331151 0.1881464 0.1845463 0.3210734 0.3210734 0.5124683 0.2695141 0.3213893 0.2810906 0.2546677 0.5905888 0.1630077 0.2170312 0.2173180 0.5668214 0.2092764 
XP0473021711PutativeTyrosineProtein___EIsoformX5HomoSapiens           0.0736012 0.0000010 0.0000010 0.0056497 0.0037607 0.0000010 0.0018771 0.0000000 0.0000010 0.0918737 0.0954690 0.0039063 0.0058688 0.1084717 0.0000010 0.0019497 0.0000010 0.0919926 0.0949028 0.1032605 0.0058688 0.0000010 0.0019497 0.0000010 0.0992318 0.2241893 0.0960569 0.0073183 0.0024293 0.0000010 0.4153934 0.2168293 0.2216468 0.3407907 0.2892088 0.2055792 0.1446497 0.1562191 0.1491402 0.1491402 0.3070697 0.1602249 0.3737194 0.3998397 0.3020512 0.1853667 0.3196348 0.3321460 0.1423263 0.1069782 0.1904272 0.2161213 0.5982688 0.4247885 0.5623156 0.6048466 0.2143678 0.2141813 0.4983158 0.1454251 0.1361084 0.1460152 0.1433666 0.1757088 0.1504738 0.1361084 0.2051422 0.5217555 0.2168834 0.2636617 0.1347916 0.1370997 0.1395918 0.6303726 0.2067295 0.1407087 0.1408703 0.1579966 0.1905020 0.1934663 0.1748135 0.5063022 0.3283175 0.2864271 0.3414909 0.1848252 0.1848252 0.3283175 0.3283175 0.4808065 0.2724341 0.3286573 0.2864271 0.2590641 0.5841742 0.1623769 0.2161213 0.2141484 0.5609269 0.2079496 
NP0014119471PutativeTyrosineProteinPhosphataseTPTEIsoform3HomoSapiens 0.0736012 0.0000010 0.0000010 0.0056497 0.0037607 0.0000010 0.0018771 0.0000010 0.0000000 0.0918737 0.0954690 0.0039063 0.0058688 0.1084717 0.0000010 0.0019497 0.0000010 0.0919926 0.0949028 0.1032605 0.0058688 0.0000010 0.0019497 0.0000010 0.0992318 0.2241893 0.0960569 0.0073183 0.0024293 0.0000010 0.4153934 0.2168293 0.2216468 0.3407907 0.2892088 0.2055792 0.1446497 0.1562191 0.1491402 0.1491402 0.3070697 0.1602249 0.3737194 0.3998397 0.3020512 0.1853667 0.3196348 0.3321460 0.1423263 0.1069782 0.1904272 0.2161213 0.5982688 0.4247885 0.5623156 0.6048466 0.2143678 0.2141813 0.4983158 0.1454251 0.1361084 0.1460152 0.1433666 0.1757088 0.1504738 0.1361084 0.2051422 0.5217555 0.2168834 0.2636617 0.1347916 0.1370997 0.1395918 0.6303726 0.2067295 0.1407087 0.1408703 0.1579966 0.1905020 0.1934663 0.1748135 0.5063022 0.3283175 0.2864271 0.3414909 0.1848252 0.1848252 0.3283175 0.3283175 0.4808065 0.2724341 0.3286573 0.2864271 0.2590641 0.5841742 0.1623769 0.2161213 0.2141484 0.5609269 0.2079496 
XP0552248361LOWQUALI___ProteinPhosphataseTPTEGorillaGorillaGorilla    0.0345326 0.0876582 0.0858060 0.0858060 0.0858060 0.0858060 0.0858060 0.0918737 0.0918737 0.0000000 0.0311517 0.0876582 0.0876582 0.0420184 0.0876582 0.0876582 0.0870168 0.0339928 0.0418641 0.0228330 0.0942545 0.0935255 0.0942545 0.0942545 0.0418271 0.2012707 0.1546288 0.1037295 0.1037295 0.1037295 0.2342215 0.2685164 0.2152138 0.4106247 0.3407503 0.1830479 0.1695316 0.1744102 0.1779601 0.1779601 0.2733270 0.1488744 0.3600020 0.3965648 0.3600020 0.2027550 0.3783173 0.3965648 0.1470265 0.0773110 0.1977006 0.2724590 0.8498402 0.4303070 0.4416295 0.9384192 0.2684201 0.2649125 0.6032134 0.1631561 0.1488744 0.1488626 0.1428370 0.1326260 0.1428422 0.1343702 0.2141196 0.7161441 0.2705577 0.2641630 0.1326260 0.1326260 0.1326260 0.9773772 0.2382759 0.1353270 0.1252919 0.1447221 0.2096090 0.2260200 0.1826313 0.5336448 0.3416352 0.2918117 0.3479719 0.2368069 0.1940565 0.3479719 0.3479719 0.5219592 0.3479719 0.3420694 0.2978346 0.3479719 0.5259813 0.1659859 0.2370489 0.2301001 0.5783651 0.2724590 
XP0635554131LOWQUALI___ProteinPhosphataseTPTEGorillaGorillaGorilla    0.0347805 0.0912454 0.0892013 0.0892013 0.0892013 0.0892013 0.0892013 0.0954690 0.0954690 0.0311517 0.0000000 0.0912454 0.0912454 0.0398928 0.0912454 0.0912454 0.0905872 0.0125034 0.0200192 0.0504035 0.0980620 0.0973153 0.0980620 0.0980620 0.0200025 0.1676280 0.1233492 0.1024380 0.1024380 0.1024380 0.2453305 0.2658223 0.2035258 0.4133666 0.3371076 0.1968442 0.1679747 0.1827878 0.1830407 0.1830407 0.2881838 0.1513866 0.3825974 0.4060651 0.3825974 0.2012309 0.3798565 0.4060651 0.1457146 0.0518963 0.1975961 0.2694363 0.8361146 0.4262647 0.4366129 0.9118728 0.2657598 0.2623099 0.5946477 0.1689690 0.1513866 0.1474451 0.1408607 0.1356345 0.1492928 0.1371882 0.2155928 0.6922704 0.2678490 0.2641630 0.1356345 0.1356345 0.1356345 0.9486531 0.2393358 0.1385174 0.1287574 0.1417789 0.1955371 0.2119271 0.1724818 0.5336448 0.3392629 0.2900010 0.3455045 0.2271658 0.1861747 0.3455045 0.3455045 0.5035976 0.3455045 0.3396885 0.2959357 0.3455045 0.5069204 0.1590814 0.2347757 0.2332840 0.5708385 0.2694363 
AAQ066741BJHCC5HomoSapiens                                            0.0687392 0.0037519 0.0037519 0.0018726 0.0000010 0.0037519 0.0018728 0.0039063 0.0039063 0.0876582 0.0912454 0.0000000 0.0018726 0.1042398 0.0037519 0.0018728 0.0038810 0.0841583 0.0907090 0.0988991 0.0019496 0.0040464 0.0019497 0.0039063 0.0949679 0.1988612 0.0918000 0.0024291 0.0024293 0.0048693 0.4203066 0.2080198 0.2293233 0.3479583 0.3178080 0.1946700 0.1568702 0.1587645 0.1516578 0.1516578 0.2991894 0.1674965 0.4143293 0.4350281 0.3379062 0.1903760 0.3530880 0.3638230 0.1545054 0.1025949 0.1958599 0.2073453 0.6086808 0.4341704 0.5734893 0.6545782 0.2063007 0.2061240 0.5086595 0.1526958 0.1431978 0.1524074 0.1493925 0.1843439 0.1577980 0.1431978 0.2048373 0.5322010 0.2087925 0.2478464 0.1421454 0.1444654 0.1469811 0.6957266 0.2013396 0.1504558 0.1510175 0.1649261 0.1987101 0.2031972 0.1818725 0.5063022 0.2819740 0.2797098 0.2914798 0.1911206 0.1873803 0.2819740 0.2819740 0.5170055 0.2324593 0.2822467 0.2797098 0.2171842 0.5958396 0.1658027 0.2073453 0.2168476 0.5387503 0.1983411 
NP9548682PutativeTyrosineProteinPhosphataseTPTEIsoformBetaHomoSapiens 0.0687392 0.0056365 0.0056365 0.0000010 0.0018726 0.0056365 0.0037513 0.0058688 0.0058688 0.0876582 0.0912454 0.0018726 0.0000000 0.1042398 0.0056365 0.0037513 0.0058307 0.0841583 0.0907090 0.0988991 0.0000010 0.0060797 0.0039056 0.0058688 0.0949679 0.1988612 0.0918000 0.0000010 0.0048682 0.0073183 0.4206542 0.2106870 0.2328626 0.3512105 0.3212113 0.1946700 0.1592916 0.1611880 0.1540575 0.1540575 0.2991894 0.1699893 0.4190771 0.4392490 0.3417746 0.1929778 0.3566377 0.3673442 0.1569190 0.1025949 0.1958599 0.2100029 0.6131319 0.4382894 0.5782847 0.6592633 0.2089151 0.2087352 0.5131432 0.1551825 0.1456184 0.1548180 0.1518898 0.1873148 0.1603053 0.1456184 0.2074352 0.5367106 0.2114145 0.2478464 0.1446561 0.1469811 0.1495059 0.7006000 0.2039950 0.1504558 0.1510175 0.1681873 0.2025350 0.2069350 0.1851759 0.5063022 0.2853962 0.2831346 0.2914798 0.1940544 0.1901762 0.2853962 0.2853962 0.5213480 0.2357531 0.2856734 0.2831346 0.2204732 0.6008314 0.1685661 0.2100029 0.2196775 0.5433208 0.2012560 
XP0552313581PutativeTyrosineProtein___TEGorillaGorillaGorilla         0.0376652 0.1042398 0.1015355 0.1015355 0.1015355 0.1015355 0.1015355 0.1084717 0.1084717 0.0420184 0.0398928 0.1042398 0.1042398 0.0000000 0.1042398 0.1042398 0.1035294 0.0372704 0.0452485 0.0559146 0.1117988 0.1109967 0.1117988 0.1117988 0.0452079 0.2111433 0.1596165 0.1178768 0.1178768 0.1178768 0.2583313 0.2842380 0.2300925 0.4194090 0.3536619 0.1926662 0.1856619 0.1906668 0.1909309 0.1909309 0.2828243 0.1651347 0.3811792 0.4132434 0.3811792 0.2069133 0.3960112 0.4132434 0.1645928 0.0814083 0.2085066 0.2887746 0.8499091 0.4385154 0.4523237 0.9398055 0.2839559 0.2804824 0.6095769 0.1799736 0.1651347 0.1674120 0.1625738 0.1511538 0.1611759 0.1518200 0.2324169 0.7201409 0.2861461 0.2761495 0.1511538 0.1511538 0.1511538 0.9777497 0.2548438 0.1551170 0.1462054 0.1614433 0.2299120 0.2447567 0.1837887 0.5522091 0.3570050 0.3083175 0.3633537 0.2579495 0.2147031 0.3633537 0.3633537 0.5318689 0.3633537 0.3574537 0.3143704 0.3633537 0.5544124 0.1762949 0.2526927 0.2524808 0.6004014 0.2887746 
NP0014119461PutativeTyrosineProteinPhosphataseTPTEIsoform2HomoSapiens 0.0687392 0.0000010 0.0000010 0.0056365 0.0037519 0.0000010 0.0018728 0.0000010 0.0000010 0.0876582 0.0912454 0.0037519 0.0056365 0.1042398 0.0000000 0.0018728 0.0000010 0.0841583 0.0907090 0.0988991 0.0058688 0.0000010 0.0019497 0.0000010 0.0949679 0.1988612 0.0918000 0.0073183 0.0024293 0.0000010 0.4093586 0.2022607 0.2216468 0.3406716 0.3102407 0.1946700 0.1517282 0.1536148 0.1465713 0.1465713 0.2991894 0.1621832 0.4035682 0.4254103 0.3292710 0.1847888 0.3451294 0.3559081 0.1493841 0.1025949 0.1897838 0.2016080 0.5982485 0.4247885 0.5623156 0.6435324 0.2006581 0.2004884 0.4983158 0.1474242 0.1380832 0.1472964 0.1441049 0.1779814 0.1524733 0.1380832 0.1992329 0.5217555 0.2031290 0.2478464 0.1368435 0.1391484 0.1416399 0.6841776 0.1956181 0.1445104 0.1448310 0.1579966 0.1905020 0.1951625 0.1748135 0.5063022 0.2836811 0.2814133 0.2933331 0.1848252 0.1813859 0.2836811 0.2836811 0.5124683 0.2306384 0.2839566 0.2814133 0.2171842 0.5841742 0.1599216 0.2016080 0.2107265 0.5281521 0.1920718 
AAH287191TransmembranePhosphataseWithTensinHomologyHomoSapiens        0.0687392 0.0018728 0.0018728 0.0037513 0.0018728 0.0018728 0.0000010 0.0019497 0.0019497 0.0876582 0.0912454 0.0018728 0.0037513 0.1042398 0.0018728 0.0000000 0.0019371 0.0841583 0.0907090 0.0988991 0.0039056 0.0020195 0.0000010 0.0019497 0.0949679 0.1988612 0.0918000 0.0048682 0.0000010 0.0024293 0.4153131 0.2053104 0.2257244 0.3446111 0.3143163 0.1946700 0.1544220 0.1563138 0.1492327 0.1492327 0.2991894 0.1649734 0.4094186 0.4306509 0.3339315 0.1877372 0.3494337 0.3601940 0.1520655 0.1025949 0.1929929 0.2046458 0.6039904 0.4298999 0.5684546 0.6496214 0.2036452 0.2034718 0.5039797 0.1501829 0.1407537 0.1499711 0.1468698 0.1813335 0.1552631 0.1407537 0.2021990 0.5274833 0.2061286 0.2478464 0.1396108 0.1419252 0.1444310 0.6905518 0.1986439 0.1476187 0.1480652 0.1616299 0.1948345 0.1994078 0.1785285 0.5063022 0.2840994 0.2818301 0.2937907 0.1881464 0.1845463 0.2840994 0.2840994 0.5124683 0.2324593 0.2843757 0.2818301 0.2171842 0.5905888 0.1630077 0.2046458 0.2139723 0.5339658 0.1953841 
XP0473021691PutativeTyrosineProtein___EIsoformX3HomoSapiens           0.0681081 0.0000010 0.0000010 0.0056244 0.0037438 0.0000010 0.0018687 0.0000010 0.0000010 0.0870168 0.0905872 0.0038810 0.0058307 0.1035294 0.0000010 0.0019371 0.0000000 0.0871668 0.0900576 0.0981878 0.0060797 0.0000010 0.0020195 0.0000010 0.0942879 0.1678588 0.0953266 0.0073183 0.0024293 0.0000010 0.3985540 0.2048615 0.2216468 0.3519252 0.3102407 0.1928918 0.1491602 0.1582413 0.1511563 0.1511563 0.2953083 0.1599665 0.3989315 0.4215071 0.3247834 0.1814637 0.3451294 0.3520530 0.1468256 0.1018654 0.1861660 0.2041995 0.5944585 0.4247885 0.5623156 0.6607049 0.2003592 0.2001901 0.4983158 0.1428431 0.1358832 0.1507058 0.1470546 0.1753829 0.1478685 0.1358832 0.1972770 0.5217555 0.2021282 0.2478464 0.1345598 0.1368647 0.1393530 0.6602910 0.1959649 0.1419754 0.1360133 0.1579966 0.1905020 0.1951625 0.1748135 0.5063022 0.2962724 0.2553337 0.3068829 0.1848252 0.1813859 0.2962724 0.2962724 0.5124683 0.2424595 0.2965654 0.2553337 0.2290351 0.5841742 0.1599216 0.2041995 0.2118106 0.5609269 0.1949103 
XP0552239812LOWQUALI___ProteinPhosphataseTPTEGorillaGorillaGorilla    0.0313000 0.0841583 0.0859557 0.0859557 0.0859557 0.0859557 0.0859557 0.0919926 0.0919926 0.0339928 0.0125034 0.0841583 0.0841583 0.0372704 0.0841583 0.0841583 0.0871668 0.0000000 0.0123782 0.0477442 0.0904261 0.0936376 0.0904261 0.0904261 0.0123681 0.1518508 0.1131198 0.0978610 0.0978610 0.0978610 0.2364142 0.2533981 0.1921378 0.4038765 0.3275724 0.1884993 0.1685642 0.1755491 0.1757897 0.1757897 0.2855130 0.1481678 0.3647644 0.3879833 0.3647644 0.1937099 0.3698493 0.3879833 0.1462878 0.0432202 0.1895740 0.2571698 0.8284679 0.4148891 0.4252616 0.9055693 0.2576734 0.2542557 0.5817198 0.1655641 0.1481678 0.1440414 0.1378397 0.1320406 0.1456780 0.1337978 0.2084188 0.6880434 0.2597033 0.2490294 0.1320406 0.1320406 0.1320406 0.9465439 0.2305640 0.1346625 0.1247351 0.1373639 0.1830931 0.2001448 0.1613752 0.5264842 0.3272065 0.2764321 0.3333193 0.2182967 0.1779875 0.3333193 0.3333193 0.4998132 0.3333193 0.3276126 0.2821955 0.3333193 0.4970590 0.1510873 0.2236531 0.2251181 0.5764991 0.2571698 
XP0552239861PutativeTyrosineProtein___TEGorillaGorillaGorilla         0.0185453 0.0907090 0.0887062 0.0887062 0.0887062 0.0887062 0.0887062 0.0949028 0.0949028 0.0418641 0.0200192 0.0907090 0.0907090 0.0452485 0.0907090 0.0907090 0.0900576 0.0123782 0.0000000 0.0394021 0.0974438 0.0967053 0.0974438 0.0974438 0.0148184 0.1632676 0.1220220 0.1027642 0.1027642 0.1027642 0.2396279 0.2609714 0.2039522 0.4084225 0.3373366 0.1915633 0.1709180 0.1817894 0.1820395 0.1820395 0.2892069 0.1505755 0.3746234 0.3978935 0.3746234 0.1975130 0.3800173 0.3978935 0.1488922 0.0513499 0.1936321 0.2607736 0.8308347 0.4189916 0.4362011 0.9164807 0.2570734 0.2536635 0.5948104 0.1646134 0.1505755 0.1508036 0.1450043 0.1312212 0.1447776 0.1364087 0.2144610 0.6987639 0.2590956 0.2556589 0.1312212 0.1312212 0.1312212 0.9534174 0.2370827 0.1337681 0.1238651 0.1421632 0.2056172 0.2142416 0.1728960 0.5219502 0.3372331 0.2882183 0.3434239 0.2274902 0.1864818 0.3434239 0.3434239 0.5071436 0.3434239 0.3376534 0.2941036 0.3434239 0.5027743 0.1593750 0.2269629 0.2319131 0.5684782 0.2607736 
XP0552248171PutativeTyrosineProtein___TEGorillaGorillaGorilla         0.0054756 0.0988991 0.0963902 0.0963902 0.0963902 0.0963902 0.0963902 0.1032605 0.1032605 0.0228330 0.0504035 0.0988991 0.0988991 0.0559146 0.0988991 0.0988991 0.0981878 0.0477442 0.0394021 0.0000000 0.1064007 0.1055940 0.1064007 0.1064007 0.0502638 0.2150424 0.1661172 0.1105197 0.1105197 0.1105197 0.2388492 0.2716412 0.2232250 0.4184807 0.3473922 0.1872797 0.1819347 0.1891152 0.1927263 0.1927263 0.2787561 0.1608730 0.3721375 0.4089067 0.3721375 0.2134153 0.3852266 0.4089067 0.1586741 0.0906351 0.2073538 0.2715264 0.8649268 0.4352191 0.4535988 0.9608047 0.2674743 0.2639534 0.6168932 0.1687877 0.1608730 0.1612169 0.1558755 0.1371193 0.1473834 0.1457012 0.2215661 0.7392803 0.2696152 0.2516257 0.1371193 0.1371193 0.1371193 0.9943425 0.2445016 0.1401605 0.1303025 0.1519648 0.2298603 0.2375960 0.1903175 0.5219502 0.3490767 0.2990499 0.3516812 0.2453267 0.1996900 0.3516812 0.3516812 0.5339339 0.3516812 0.3495244 0.3016567 0.3516812 0.5418890 0.1713955 0.2378733 0.2350423 0.5874411 0.2715264 
NP9548692PutativeTyrosineProtein___EIsoformGammaHomoSapiens           0.0750699 0.0058688 0.0058688 0.0000010 0.0019496 0.0058688 0.0039056 0.0058688 0.0058688 0.0942545 0.0980620 0.0019496 0.0000010 0.1117988 0.0058688 0.0039056 0.0060797 0.0904261 0.0974438 0.1064007 0.0000000 0.0060797 0.0039056 0.0058688 0.1020680 0.2109953 0.0987061 0.0000010 0.0048682 0.0073183 0.4294550 0.2127193 0.2328626 0.3325417 0.3003336 0.1968259 0.1587672 0.1634112 0.1559780 0.1559780 0.2991894 0.1726338 0.3882952 0.4129809 0.3133070 0.1966874 0.3312379 0.3426115 0.1563044 0.1103469 0.2000143 0.2119992 0.5820591 0.4382894 0.5782847 0.5879099 0.2132810 0.2130885 0.5131432 0.1572226 0.1472173 0.1541226 0.1518898 0.1913132 0.1625736 0.1472173 0.2089524 0.5367106 0.2158925 0.2636617 0.1462767 0.1487028 0.1513404 0.6277810 0.2082341 0.1504558 0.1510175 0.1681873 0.2025350 0.2059328 0.1851759 0.5063022 0.2913831 0.2890201 0.2982022 0.1940544 0.1940544 0.2913831 0.2913831 0.4895803 0.2391855 0.2916815 0.2890201 0.2231507 0.6008314 0.1714480 0.2119992 0.2196775 0.5433208 0.2030535 
XP0473021741PutativeTyrosineProtein___EIsoformX8HomoSapiens           0.0743296 0.0000010 0.0000010 0.0058556 0.0038975 0.0000010 0.0019453 0.0000010 0.0000010 0.0935255 0.0973153 0.0040464 0.0060797 0.1109967 0.0000010 0.0020195 0.0000010 0.0936376 0.0967053 0.1055940 0.0060797 0.0000000 0.0020195 0.0000010 0.1012972 0.1775407 0.1025086 0.0073183 0.0024293 0.0000010 0.4058710 0.2066323 0.2216468 0.3332409 0.2892088 0.1949443 0.1482556 0.1603334 0.1529494 0.1529494 0.2953083 0.1621742 0.3674462 0.3946874 0.2958740 0.1846382 0.3196348 0.3269483 0.1458337 0.1095209 0.1898266 0.2059362 0.5638001 0.4247885 0.5623156 0.5899594 0.2043231 0.2041424 0.4983158 0.1443448 0.1370677 0.1498254 0.1470546 0.1787639 0.1495900 0.1370677 0.1983756 0.5217555 0.2061600 0.2636617 0.1357341 0.1381386 0.1407366 0.5884574 0.1998312 0.1419754 0.1360133 0.1579966 0.1905020 0.1934663 0.1748135 0.5063022 0.3028889 0.2598843 0.3145520 0.1848252 0.1848252 0.3028889 0.3028889 0.4808065 0.2462434 0.3032050 0.2598843 0.2321845 0.5841742 0.1623769 0.2059362 0.2118106 0.5609269 0.1963953 
AAP451441PhosphataseTPTEGammaIsoformHomoSapiens                       0.0750699 0.0019497 0.0019497 0.0039056 0.0019497 0.0019497 0.0000010 0.0019497 0.0019497 0.0942545 0.0980620 0.0019497 0.0039056 0.1117988 0.0019497 0.0000010 0.0020195 0.0904261 0.0974438 0.1064007 0.0039056 0.0020195 0.0000000 0.0019497 0.1020680 0.2109953 0.0987061 0.0048682 0.0000010 0.0024293 0.4237378 0.2071037 0.2257244 0.3258342 0.2933229 0.1968259 0.1537132 0.1583284 0.1509486 0.1509486 0.2991894 0.1673977 0.3784553 0.4042346 0.3053719 0.1912072 0.3239530 0.3353774 0.1512678 0.1103469 0.1970042 0.2064048 0.5729670 0.4298999 0.5684546 0.5787205 0.2077690 0.2075836 0.5039797 0.1520031 0.1421445 0.1490931 0.1468698 0.1850194 0.1573079 0.1421445 0.2034986 0.5274833 0.2103631 0.2636617 0.1410073 0.1434219 0.1460389 0.6181874 0.2026332 0.1476187 0.1480652 0.1616299 0.1948345 0.1979581 0.1785285 0.5063022 0.2900339 0.2876625 0.3006703 0.1881464 0.1881464 0.2900339 0.2900339 0.4808065 0.2357163 0.2903314 0.2876625 0.2196863 0.5905888 0.1656174 0.2064048 0.2139723 0.5339658 0.1968947 
KAI25957591TransmembranePhosphataseWithTensinLikeyHomoSapiens         0.0750699 0.0000010 0.0000010 0.0058688 0.0039063 0.0000010 0.0019497 0.0000010 0.0000010 0.0942545 0.0980620 0.0039063 0.0058688 0.1117988 0.0000010 0.0019497 0.0000010 0.0904261 0.0974438 0.1064007 0.0058688 0.0000010 0.0019497 0.0000000 0.1020680 0.2109953 0.0987061 0.0073183 0.0024293 0.0000010 0.4173586 0.2039168 0.2216468 0.3218537 0.2892088 0.1968259 0.1509193 0.1555116 0.1481725 0.1481725 0.2991894 0.1644821 0.3725432 0.3989378 0.3007006 0.1881197 0.3196348 0.3310733 0.1484871 0.1103469 0.1936299 0.2032309 0.5672813 0.4247885 0.5623156 0.5729702 0.2046396 0.2044583 0.4983158 0.1491212 0.1393583 0.1463197 0.1441049 0.1814870 0.1543921 0.1393583 0.2004082 0.5217555 0.2072201 0.2636617 0.1381156 0.1405199 0.1431223 0.6121523 0.1994612 0.1445104 0.1448310 0.1579966 0.1905020 0.1934663 0.1748135 0.5063022 0.2895874 0.2872178 0.3001795 0.1848252 0.1848252 0.2895874 0.2895874 0.4808065 0.2337809 0.2898840 0.2872178 0.2196863 0.5841742 0.1623769 0.2032309 0.2107265 0.5281521 0.1934194 
XP0552331411PutativeTyrosineProtein___TEGorillaGorillaGorilla         0.0343206 0.0949679 0.0927118 0.0927118 0.0927118 0.0927118 0.0927118 0.0992318 0.0992318 0.0418271 0.0200025 0.0949679 0.0949679 0.0452079 0.0949679 0.0949679 0.0942879 0.0123681 0.0148184 0.0502638 0.1020680 0.1012972 0.1020680 0.1020680 0.0000000 0.1596001 0.1218938 0.1027270 0.1027270 0.1027270 0.2445249 0.2645329 0.2038451 0.4152203 0.3400906 0.1960581 0.1753328 0.1841002 0.1843559 0.1843559 0.2906508 0.1548362 0.3798103 0.4030939 0.3798103 0.2025271 0.3853646 0.4030939 0.1534791 0.0513027 0.1965859 0.2638343 0.8203919 0.4323198 0.4428175 0.9048806 0.2600996 0.2566608 0.5964699 0.1681264 0.1548362 0.1556690 0.1501168 0.1349185 0.1485011 0.1408397 0.2169536 0.6941272 0.2621541 0.2676429 0.1349185 0.1349185 0.1349185 0.9509818 0.2399461 0.1377336 0.1279968 0.1421039 0.1904328 0.2071583 0.1728148 0.5264842 0.3410580 0.2917778 0.3473174 0.2269777 0.1860982 0.3473174 0.3473174 0.5038824 0.3473174 0.3414864 0.2977355 0.3473174 0.5098835 0.1608015 0.2295769 0.2348594 0.5797548 0.2638343 
XP0635588661PutativeTyrosineProtein___TEGorillaGorillaGorilla         0.2294744 0.1988612 0.2112522 0.2112522 0.2112522 0.2112522 0.2112522 0.2241893 0.2241893 0.2012707 0.1676280 0.1988612 0.1988612 0.2111433 0.1988612 0.1988612 0.1678588 0.1518508 0.1632676 0.2150424 0.2109953 0.1775407 0.2109953 0.2109953 0.1596001 0.0000000 0.1187177 0.1142920 0.1142920 0.1142920 0.3617467 0.3498972 0.2168528 0.5087783 0.3425487 0.3117652 0.3023431 0.3123063 0.3128510 0.3128510 0.4336054 0.2775663 0.3919639 0.4158492 0.3919639 0.3215093 0.3857945 0.4158492 0.2699664 0.1564014 0.3019142 0.3488995 0.7381867 0.4510675 0.4617572 0.7918847 0.3466008 0.3456776 0.5904106 0.2405722 0.2775663 0.2588491 0.2562955 0.2048454 0.2157994 0.2524748 0.3470466 0.6089601 0.3517438 0.2812349 0.2048454 0.2048454 0.2048454 0.9274841 0.3314332 0.2090652 0.1484537 0.1541381 0.2135500 0.2287574 0.1853588 0.5515402 0.3777896 0.3551793 0.3777896 0.2054232 0.2024705 0.3777896 0.3777896 0.5188349 0.3777896 0.3803672 0.3551793 0.3777896 0.5267547 0.1766413 0.3488995 0.3320312 0.5691638 0.3488995 
XP0635588701PutativeTyrosineProtein___TEGorillaGorillaGorilla         0.1718743 0.0918000 0.0897119 0.0897119 0.0897119 0.0897119 0.0897119 0.0960569 0.0960569 0.1546288 0.1233492 0.0918000 0.0918000 0.1596165 0.0918000 0.0918000 0.0953266 0.1131198 0.1220220 0.1661172 0.0987061 0.1025086 0.0987061 0.0987061 0.1218938 0.1187177 0.0000000 0.1088720 0.1088720 0.1088720 0.3490337 0.3093266 0.2111262 0.5441448 0.3444351 0.2834066 0.2511029 0.2315582 0.2319089 0.2319089 0.4458698 0.1985597 0.3767017 0.4001990 0.3767017 0.2584576 0.3876865 0.4001990 0.1508278 0.0832398 0.2000551 0.3048061 0.8436252 0.4458324 0.4564935 0.9105509 0.2973108 0.3014038 0.6431605 0.2440154 0.1985597 0.1528804 0.1471153 0.1344812 0.1480424 0.1381426 0.3319590 0.7588030 0.3076107 0.2751134 0.1344812 0.1344812 0.1344812 0.9886585 0.2812391 0.1313583 0.1323555 0.1486349 0.2064704 0.2150601 0.1797303 0.5515402 0.3718919 0.3203661 0.3593165 0.2641294 0.1958360 0.3593165 0.3593165 0.5195377 0.3593165 0.3766736 0.3077342 0.3593165 0.5210384 0.1683853 0.3436466 0.3472991 0.6365402 0.3048061 
NP0012771532PutativeTyrosineProtein___EIsoformDeltaHomoSapiens        0.0594954 0.0073183 0.0073183 0.0000010 0.0024291 0.0073183 0.0048682 0.0073183 0.0073183 0.1037295 0.1024380 0.0024291 0.0000010 0.1178768 0.0073183 0.0048682 0.0073183 0.0978610 0.1027642 0.1105197 0.0000010 0.0073183 0.0048682 0.0073183 0.1027270 0.1142920 0.1088720 0.0000000 0.0048682 0.0073183 0.4709536 0.1989599 0.2328626 0.2818390 0.2855280 0.1780548 0.1641809 0.1778108 0.1683791 0.1683791 0.2469566 0.1864211 0.3764466 0.4077799 0.2895370 0.2020712 0.3265872 0.3265872 0.1611104 0.1160573 0.1992897 0.2016737 0.4800690 0.4456953 0.5988971 0.4865730 0.2032361 0.2032361 0.4612203 0.1642794 0.1542387 0.1611104 0.1611104 0.2121091 0.1677151 0.1542387 0.1954119 0.4800690 0.2021706 0.3827581 0.1542387 0.1571795 0.1603940 0.4902905 0.2001356 0.1589767 0.1589767 0.1681873 0.2025350 0.2059328 0.1851759 0.4698056 0.2876338 0.2876338 0.2962877 0.2027711 0.2027711 0.2876338 0.2876338 0.4711766 0.2203250 0.2876338 0.2876338 0.1993619 0.5918213 0.1818051 0.2016737 0.2214133 0.5098355 0.1888296 
AAP451451PhosphataseTPTEDeltaIsoformHomoSapiens                       0.0594954 0.0024293 0.0024293 0.0048682 0.0024293 0.0024293 0.0000010 0.0024293 0.0024293 0.1037295 0.1024380 0.0024293 0.0048682 0.1178768 0.0024293 0.0000010 0.0024293 0.0978610 0.1027642 0.1105197 0.0048682 0.0024293 0.0000010 0.0024293 0.1027270 0.1142920 0.1088720 0.0048682 0.0000000 0.0024293 0.4627330 0.1920770 0.2257244 0.2739953 0.2776541 0.1780548 0.1578786 0.1713482 0.1620013 0.1620013 0.2469566 0.1797544 0.3644248 0.3973479 0.2802759 0.1952504 0.3182536 0.3182536 0.1548349 0.1160573 0.1955025 0.1947859 0.4700536 0.4360463 0.5874666 0.4765281 0.1964837 0.1964837 0.4514824 0.1579617 0.1478252 0.1548349 0.1548349 0.2041395 0.1613542 0.1478252 0.1887476 0.4700536 0.1954508 0.3827581 0.1478252 0.1507492 0.1539331 0.4802216 0.1932099 0.1554912 0.1554912 0.1616299 0.1948345 0.1979581 0.1785285 0.4698056 0.2858783 0.2858783 0.2995341 0.1959423 0.1959423 0.2858783 0.2858783 0.4612297 0.2159091 0.2858783 0.2858783 0.1949567 0.5804353 0.1749755 0.1947859 0.2145468 0.4993117 0.1810671 
KAI25957621TransmembranePhosphataseWithTensinLikeyHomoSapiens         0.0594954 0.0000010 0.0000010 0.0073183 0.0048693 0.0000010 0.0024293 0.0000010 0.0000010 0.1037295 0.1024380 0.0048693 0.0073183 0.1178768 0.0000010 0.0024293 0.0000010 0.0978610 0.1027642 0.1105197 0.0073183 0.0000010 0.0024293 0.0000010 0.1027270 0.1142920 0.1088720 0.0073183 0.0024293 0.0000000 0.4535350 0.1882055 0.2216468 0.2694295 0.2730647 0.1780548 0.1543930 0.1677493 0.1584666 0.1584666 0.2469566 0.1760256 0.3572476 0.3910529 0.2748822 0.1914079 0.3133291 0.3133291 0.1513697 0.1160573 0.1912675 0.1909066 0.4639081 0.4301672 0.5803185 0.4703570 0.1926768 0.1926768 0.4455295 0.1544678 0.1442980 0.1513697 0.1513697 0.1996346 0.1578302 0.1442980 0.1850043 0.4639081 0.1916642 0.3827581 0.1442980 0.1472071 0.1503682 0.4740315 0.1893122 0.1516631 0.1516631 0.1579966 0.1905020 0.1934663 0.1748135 0.4698056 0.2853073 0.2853073 0.2988883 0.1920937 0.1920937 0.2853073 0.2853073 0.4612297 0.2135968 0.2853073 0.2853073 0.1949567 0.5733238 0.1711666 0.1909066 0.2106433 0.4928201 0.1767305 
XP0252538911LOWQUAL___PhosphataseTPTE2LikeTheropithecusGelada         0.2486474 0.4093586 0.4078678 0.4186362 0.4183052 0.4078678 0.4135446 0.4153934 0.4153934 0.2342215 0.2453305 0.4203066 0.4206542 0.2583313 0.4093586 0.4153131 0.3985540 0.2364142 0.2396279 0.2388492 0.4294550 0.4058710 0.4237378 0.4173586 0.2445249 0.3617467 0.3490337 0.4709536 0.4627330 0.4535350 0.0000000 0.3481804 0.4114004 0.6845950 0.5519394 0.0628061 0.4733661 0.3534175 0.3541631 0.3541631 0.1603570 0.3439483 0.5228660 0.5847205 0.5449847 0.4170723 0.5772842 0.6068679 0.3392703 0.2852186 0.3345040 0.3566028 1.1150063 0.7044420 0.7185833 1.4407663 0.3525080 0.3456884 0.8733915 0.4897080 0.3439483 0.3412634 0.3504205 0.3003453 0.3520563 0.3280501 0.3064582 1.0093825 0.3426952 0.2774587 0.3276414 0.3276414 0.3276414 1.2233489 0.3147213 0.2519549 0.2290509 0.3713106 0.4681299 0.4614609 0.3919564 0.5650114 0.5446290 0.4867437 0.4594532 0.4032829 0.3492366 0.5319162 0.5413865 0.8775434 0.4719054 0.5386011 0.4834028 0.4453231 0.8341876 0.3449494 0.3295032 0.3516396 0.9160182 0.3453089 
XP0118319221PREDICTE___PhosphataseTPTE2IsoformX1MandrillusLeucophaeus 0.2476835 0.2022607 0.2147009 0.2230015 0.2203812 0.2147009 0.2177162 0.2168293 0.2168293 0.2685164 0.2658223 0.2080198 0.2106870 0.2842380 0.2022607 0.2053104 0.2048615 0.2533981 0.2609714 0.2716412 0.2127193 0.2066323 0.2071037 0.2039168 0.2645329 0.3498972 0.3093266 0.1989599 0.1920770 0.1882055 0.3481804 0.0000000 0.0260558 0.3123979 0.2218240 0.1513073 0.1311149 0.1300515 0.1277947 0.1277947 0.2489770 0.1183164 0.3593828 0.3533118 0.2718812 0.1648816 0.2574142 0.2764869 0.1243580 0.2513330 0.1622134 0.0194989 0.5788187 0.3419051 0.4500016 0.6267606 0.0248797 0.0194796 0.4465469 0.1263697 0.1133552 0.1106718 0.1107097 0.1553629 0.1282118 0.1100856 0.0604288 0.4900902 0.0213379 0.2399602 0.1128136 0.1106800 0.1129548 0.6284640 0.0471485 0.1138950 0.0970181 0.0851311 0.0000010 0.0027143 0.0912020 0.5324862 0.2679400 0.2256849 0.3080457 0.0455319 0.0453125 0.2965689 0.2965689 0.4005051 0.2501951 0.2681668 0.2527122 0.2386854 0.4811164 0.0995742 0.0331994 0.0810676 0.4783084 0.0272713 
XP0378428461Phosphatidylinositol345___E2ChlorocebusSabaeus            0.1586561 0.2216468 0.2216468 0.2328626 0.2293233 0.2216468 0.2257244 0.2216468 0.2216468 0.2152138 0.2035258 0.2293233 0.2328626 0.2300925 0.2216468 0.2257244 0.2216468 0.1921378 0.2039522 0.2232250 0.2328626 0.2216468 0.2257244 0.2216468 0.2038451 0.2168528 0.2111262 0.2328626 0.2257244 0.2216468 0.4114004 0.0260558 0.0000000 0.1770861 0.1761907 0.1474420 0.1192811 0.1192690 0.1162052 0.1162052 0.2142308 0.1161771 0.2751379 0.2844840 0.1938879 0.1589317 0.2133347 0.2133347 0.1163758 0.2137758 0.1280779 0.0309762 0.3382903 0.3331946 0.4572883 0.3486982 0.0417330 0.0417330 0.3342617 0.1204122 0.0911319 0.1163758 0.1163758 0.1386387 0.1293742 0.0911319 0.0610453 0.3382903 0.0391058 0.3749452 0.0911319 0.0884073 0.0880864 0.3520552 0.0497061 0.0864255 0.0864255 0.0933592 0.0261280 0.0269517 0.1259898 0.4352804 0.2230344 0.2230344 0.2323154 0.0472196 0.0472196 0.2230344 0.2230344 0.3423799 0.1612549 0.2230344 0.2230344 0.1437302 0.4527379 0.1106952 0.0309762 0.0803184 0.3878330 0.0444234 
XP0321502391LOWQUAL___Trisphosphate3PhosphataseTPTE2LikeSapajusApella 0.4129669 0.3406716 0.3586981 0.3691612 0.3659417 0.3586981 0.3626222 0.3407907 0.3407907 0.4106247 0.4133666 0.3479583 0.3512105 0.4194090 0.3406716 0.3446111 0.3519252 0.4038765 0.4084225 0.4184807 0.3325417 0.3332409 0.3258342 0.3218537 0.4152203 0.5087783 0.5441448 0.2818390 0.2739953 0.2694295 0.6845950 0.3123979 0.1770861 0.0000000 0.0041670 0.3954517 0.4397016 0.2939509 0.2930378 0.2930378 0.5905941 0.2936259 0.1857903 0.1786296 0.1057437 0.3177803 0.0949435 0.1099469 0.2723607 0.4622187 0.2920291 0.3200723 0.6189839 0.3757674 0.4938204 0.8500784 0.3493925 0.3472980 0.4665126 0.4267290 0.2859461 0.2537789 0.2366957 0.3185272 0.2642964 0.2607244 0.2935141 0.5895656 0.3054159 0.4594625 0.2522755 0.2498316 0.2526723 0.7062926 0.3080911 0.2448099 0.2286882 0.1691777 0.1555029 0.1832318 0.1889063 0.5945338 0.4542316 0.4190986 0.4781116 0.2128699 0.2065035 0.4576060 0.4576060 0.4291588 0.4023131 0.4546934 0.4222242 0.3886558 0.5021159 0.2295026 0.3019645 0.2730144 0.4904783 0.3460934 
XP0375993761Phosphatidylinositol345Trisphosphate3___X1CebusImitator   0.3074972 0.3102407 0.3102407 0.3212113 0.3178080 0.3102407 0.3143163 0.2892088 0.2892088 0.3407503 0.3371076 0.3178080 0.3212113 0.3536619 0.3102407 0.3143163 0.3102407 0.3275724 0.3373366 0.3473922 0.3003336 0.2892088 0.2933229 0.2892088 0.3400906 0.3425487 0.3444351 0.2855280 0.2776541 0.2730647 0.5519394 0.2218240 0.1761907 0.0041670 0.0000000 0.2910509 0.2273778 0.2215147 0.2207070 0.2207070 0.3694165 0.2259064 0.1661715 0.1578063 0.0885153 0.2533248 0.0910843 0.0910843 0.2244761 0.3533551 0.2537174 0.2276000 0.4373343 0.3687423 0.4870411 0.4943687 0.2201848 0.2201848 0.4101476 0.2244214 0.2180565 0.2244761 0.2053296 0.2835493 0.2331380 0.2180565 0.2186784 0.3922607 0.2175739 0.4668914 0.2180565 0.2154778 0.2184121 0.5123106 0.2257653 0.2051840 0.2051840 0.1723784 0.1590611 0.1867987 0.1921663 0.5955921 0.3334000 0.3334000 0.3467675 0.1930376 0.2093150 0.3334000 0.3334000 0.4273820 0.2722604 0.3373204 0.3334000 0.2555098 0.4912405 0.2323624 0.2276000 0.2130871 0.4430022 0.2454119 
XP0117382511LOWQUAL___PhosphataseTPTE2LikeMacacaNemestrina            0.2111200 0.1946700 0.2029806 0.2029806 0.2029806 0.2029806 0.2029806 0.2055792 0.2055792 0.1830479 0.1968442 0.1946700 0.1946700 0.1926662 0.1946700 0.1946700 0.1928918 0.1884993 0.1915633 0.1872797 0.1968259 0.1949443 0.1968259 0.1968259 0.1960581 0.3117652 0.2834066 0.1780548 0.1780548 0.1780548 0.0628061 0.1513073 0.1474420 0.3954517 0.2910509 0.0000000 0.1797945 0.1601704 0.1601704 0.1601704 0.1060329 0.1471367 0.3524439 0.3524439 0.3500752 0.2138119 0.3202741 0.3500752 0.1470284 0.2358215 0.1990843 0.1600736 0.8045183 0.4112067 0.4051207 0.9832962 0.1621673 0.1558436 0.5607217 0.1766463 0.1441862 0.1401451 0.1432999 0.1257738 0.1448783 0.1233934 0.1331645 0.6796457 0.1529469 0.2532192 0.1251550 0.1251550 0.1251550 0.9282108 0.1300706 0.1317556 0.1101959 0.1053389 0.1272928 0.1388203 0.1338384 0.5449630 0.3093201 0.2511016 0.3061652 0.1736759 0.1295204 0.2973139 0.3061652 0.5133029 0.3033263 0.3037869 0.2481418 0.3033263 0.4923083 0.1318017 0.1430539 0.1614576 0.5643129 0.1632896 
XP0636484731LOWQUAL___Trisphosphate3PhosphataseTPTE2PanTroglodytes    0.1571625 0.1517282 0.1456479 0.1528674 0.1505530 0.1456479 0.1482140 0.1446497 0.1446497 0.1695316 0.1679747 0.1568702 0.1592916 0.1856619 0.1517282 0.1544220 0.1491602 0.1685642 0.1709180 0.1819347 0.1587672 0.1482556 0.1537132 0.1509193 0.1753328 0.3023431 0.2511029 0.1641809 0.1578786 0.1543930 0.4733661 0.1311149 0.1192811 0.4397016 0.2273778 0.1797945 0.0000000 0.0839828 0.0780988 0.0780988 0.3971278 0.0376868 0.3659024 0.3578359 0.2727260 0.1280248 0.2590329 0.2764931 0.0018133 0.1570835 0.1321617 0.1350126 0.5708600 0.3520442 0.4642552 0.7128905 0.1332826 0.1286689 0.4577686 0.0458387 0.0213882 0.0018808 0.0019542 0.0720321 0.0554297 0.0208345 0.1367576 0.5414236 0.1307837 0.2092758 0.0278057 0.0258070 0.0278357 0.6463562 0.1281516 0.0241684 0.0204062 0.0051065 0.0796930 0.0834233 0.0781379 0.5237233 0.2545049 0.2172868 0.2993917 0.1035194 0.0963123 0.2884322 0.2884322 0.4005917 0.2364095 0.2547167 0.2499358 0.2251462 0.4718787 0.0789210 0.1480522 0.1518906 0.4809826 0.1470705 
